Year,Month,Day,Hour,Minute,Second,Classification
2021,8,21,22,18,0.2997998046875,1
2021,8,21,22,18,2.1497998046875,1
2021,8,21,22,18,4.0497998046875,1
2021,8,21,22,18,5.8497998046875,1
2021,8,21,22,18,7.69980004882813,1
2021,8,21,22,18,9.5497998046875,1
2021,8,21,22,18,11.3997998046875,1
2021,8,21,22,18,13.2498000488281,1
2021,8,21,22,18,15.0997998046875,1
2021,8,21,22,18,16.9498000488281,1
2021,8,21,22,18,18.7997998046875,1
2021,8,21,22,18,20.6497998046875,1
2021,8,21,22,18,22.4998000488281,1
2021,8,21,22,18,24.3497998046875,1
2021,8,21,22,18,26.1998000488281,1
2021,8,21,22,18,28.0497998046875,1
2021,8,21,22,18,29.8997998046875,1
2021,8,21,22,18,31.7498000488281,1
2021,8,21,22,18,33.5997998046875,1
2021,8,21,22,18,35.4498000488281,1
2021,8,21,22,18,37.2997998046875,1
2021,8,21,22,18,39.1497998046875,1
2021,8,21,22,18,40.9998000488281,1
2021,8,21,22,18,42.8497998046875,1
2021,8,21,22,18,44.6998000488281,1
2021,8,21,22,18,46.5497998046875,1
2021,8,21,22,18,46.5497998046875,1
2021,8,21,22,18,48.3997998046875,1
2021,8,21,22,18,50.2498000488281,1
2021,8,21,22,18,52.0997998046875,1
2021,8,21,22,18,53.9498000488281,1
2021,8,21,22,18,55.7997998046875,1
2021,8,21,22,18,57.6497998046875,1
2021,8,21,22,18,59.4998000488281,1
2021,8,21,22,19,1.3497998046875,1
2021,8,21,22,19,3.19980004882812,1
2021,8,21,22,19,5.0497998046875,1
2021,8,21,22,19,6.8997998046875,1
2021,8,21,22,19,8.74980004882812,1
2021,8,21,22,19,10.5997998046875,1
2021,8,21,22,19,12.4498000488281,1
2021,8,21,22,19,14.3497998046875,1
2021,8,21,22,19,16.1998000488281,1
2021,8,21,22,19,18.0497998046875,1
2021,8,21,22,19,19.8497998046875,1
2021,8,21,22,19,21.6998000488281,1
2021,8,21,22,19,23.5497998046875,1
2021,8,21,22,19,25.3997998046875,1
2021,8,21,22,19,27.2498000488281,1
2021,8,21,22,19,29.0997998046875,1
2021,8,21,22,19,30.9498000488281,1
2021,8,21,22,19,32.7997998046875,1
2021,8,21,22,19,34.6497998046875,1
2021,8,21,22,19,36.4998000488281,1
2021,8,21,22,19,38.3497998046875,1
2021,8,21,22,19,40.1998000488281,1
2021,8,21,22,19,42.0497998046875,1
2021,8,21,22,19,43.8997998046875,1
2021,8,21,22,19,45.7498000488281,1
2021,8,21,22,19,47.5997998046875,1
2021,8,21,22,19,49.4498000488281,1
2021,8,21,22,19,51.2997998046875,1
2021,8,21,22,19,53.1497998046875,1
2021,8,21,22,19,54.9998000488281,1
2021,8,21,22,19,56.8497998046875,1
2021,8,21,22,19,58.6998000488281,1
2021,8,21,22,20,0.5497998046875,1
2021,8,21,22,20,2.3997998046875,1
2021,8,21,22,20,4.24980004882813,1
2021,8,21,22,20,6.0997998046875,1
2021,8,21,22,20,7.94980004882813,1
2021,8,21,22,20,9.7997998046875,1
2021,8,21,22,20,11.6497998046875,1
2021,8,21,22,20,13.4998000488281,1
2021,8,21,22,20,15.3497998046875,1
2021,8,21,22,20,17.1998000488281,1
2021,8,21,22,20,19.0497998046875,1
2021,8,21,22,20,20.9498000488281,1
2021,8,21,22,20,22.7498000488281,1
2021,8,21,22,20,24.5997998046875,1
2021,8,21,22,20,26.4498000488281,1
2021,8,21,22,20,28.2997998046875,1
2021,8,21,22,20,30.1497998046875,1
2021,8,21,22,20,31.9998000488281,1
2021,8,21,22,20,33.8997998046875,1
2021,8,21,22,20,35.6998000488281,1
2021,8,21,22,20,37.5497998046875,1
2021,8,21,22,20,39.3997998046875,1
2021,8,21,22,20,41.2498000488281,1
2021,8,21,22,20,43.0997998046875,1
2021,8,21,22,20,44.9498000488281,1
2021,8,21,22,20,46.7997998046875,1
2021,8,21,22,20,48.6497998046875,1
2021,8,21,22,20,50.4998000488281,1
2021,8,21,22,20,52.3497998046875,1
2021,8,21,22,20,54.1998000488281,1
2021,8,21,22,20,56.0497998046875,1
2021,8,21,22,20,57.8997998046875,1
2021,8,21,22,20,59.7498000488281,1
2021,8,21,22,21,1.5997998046875,1
2021,8,21,22,21,3.44980004882812,1
2021,8,21,22,21,5.2997998046875,1
2021,8,21,22,21,7.1497998046875,1
2021,8,21,22,21,9.0497998046875,1
2021,8,21,22,21,10.8497998046875,1
2021,8,21,22,21,12.6998000488281,1
2021,8,21,22,21,14.5497998046875,1
2021,8,21,22,21,16.3997998046875,1
2021,8,21,22,21,18.2498000488281,1
2021,8,21,22,21,20.0997998046875,1
2021,8,21,22,21,21.9498000488281,1
2021,8,21,22,21,23.7997998046875,1
2021,8,21,22,21,25.6497998046875,1
2021,8,21,22,21,27.4998000488281,1
2021,8,21,22,21,29.3497998046875,1
2021,8,21,22,21,31.1998000488281,1
2021,8,21,22,21,33.0497998046875,1
2021,8,21,22,21,34.8997998046875,1
2021,8,21,22,21,36.7498000488281,1
2021,8,21,22,21,38.5997998046875,1
2021,8,21,22,21,40.4498000488281,1
2021,8,21,22,21,42.2997998046875,1
2021,8,21,22,21,44.1497998046875,1
2021,8,21,22,21,45.9998000488281,1
2021,8,21,22,21,47.8997998046875,1
2021,8,21,22,21,49.7498000488281,1
2021,8,21,22,21,51.5497998046875,1
2021,8,21,22,21,53.3997998046875,1
2021,8,21,22,21,55.2498000488281,1
2021,8,21,22,21,57.0997998046875,1
2021,8,21,22,21,58.9498000488281,1
2021,8,21,22,22,0.7997998046875,1
2021,8,21,22,22,2.6497998046875,1
2021,8,21,22,22,4.49980004882813,1
2021,8,21,22,22,6.3497998046875,1
2021,8,21,22,22,8.19980004882813,1
2021,8,21,22,22,10.0497998046875,1
2021,8,21,22,22,11.8997998046875,1
2021,8,21,22,22,13.7498000488281,1
2021,8,21,22,22,15.5997998046875,1
2021,8,21,22,22,17.4498000488281,1
2021,8,21,22,22,19.2997998046875,1
2021,8,21,22,22,21.1497998046875,1
2021,8,21,22,22,22.9998000488281,1
2021,8,21,22,22,24.8497998046875,1
2021,8,21,22,22,26.6998000488281,1
2021,8,21,22,22,28.5497998046875,1
2021,8,21,22,22,30.3997998046875,1
2021,8,21,22,22,32.2498000488281,1
2021,8,21,22,22,34.0997998046875,1
2021,8,21,22,22,35.9498000488281,1
2021,8,21,22,22,37.7997998046875,1
2021,8,21,22,22,39.6497998046875,2
2021,8,21,22,22,41.4998000488281,2
2021,8,21,22,22,43.3997998046875,2
2021,8,21,22,22,45.1998000488281,2
2021,8,21,22,22,47.0997998046875,2
2021,8,21,22,22,48.8997998046875,2
2021,8,21,22,22,50.7997998046875,2
2021,8,21,22,22,52.5997998046875,2
2021,8,21,22,22,54.4498000488281,2
2021,8,21,22,22,56.2997998046875,2
2021,8,21,22,23,20.3497998046875,2
2021,8,21,22,23,22.1998000488281,2
2021,8,21,22,23,24.0497998046875,2
2021,8,21,22,23,25.8997998046875,2
2021,8,21,22,23,27.7498000488281,2
2021,8,21,22,23,29.6497998046875,2
2021,8,21,22,23,31.3997998046875,2
2021,8,21,22,23,33.2997998046875,2
2021,8,21,22,23,35.1998000488281,2
2021,8,21,22,23,36.9998000488281,2
2021,8,21,22,23,38.8997998046875,2
2021,8,21,22,23,40.6998000488281,2
2021,8,21,22,23,42.5997998046875,2
2021,8,21,22,23,44.4498000488281,2
2021,8,21,22,23,46.2997998046875,2
2021,8,21,22,23,48.1497998046875,2
2021,8,21,22,23,49.9498000488281,2
2021,8,21,22,23,51.7997998046875,2
2021,8,21,22,23,53.6497998046875,2
2021,8,21,22,23,55.4998000488281,2
2021,8,21,22,23,57.3497998046875,2
2021,8,21,22,23,59.1998000488281,2
2021,8,21,22,24,1.0497998046875,2
2021,8,21,22,24,2.8997998046875,2
2021,8,21,22,24,4.74980004882813,2
2021,8,21,22,24,6.5997998046875,2
2021,8,21,22,24,8.44980004882813,2
2021,8,21,22,24,10.2997998046875,2
2021,8,21,22,24,12.1497998046875,2
2021,8,21,22,24,13.9998000488281,2
2021,8,21,22,24,15.8497998046875,2
2021,8,21,22,24,17.6998000488281,2
2021,8,21,22,24,19.5997998046875,2
2021,8,21,22,24,21.4498000488281,2
2021,8,21,22,24,23.2997998046875,2
2021,8,21,22,24,25.1497998046875,2
2021,8,21,22,24,26.9998000488281,2
2021,8,21,22,24,28.8497998046875,2
2021,8,21,22,24,30.6998000488281,2
2021,8,21,22,24,32.5497998046875,2
2021,8,21,22,24,34.3997998046875,2
2021,8,21,22,24,36.2498000488281,2
2021,8,21,22,24,38.0997998046875,2
2021,8,21,22,24,39.9498000488281,2
2021,8,21,22,24,41.7997998046875,2
2021,8,21,22,24,43.6497998046875,2
2021,8,21,22,24,45.4998000488281,2
2021,8,21,22,24,47.3497998046875,2
2021,8,21,22,24,49.1998000488281,2
2021,8,21,22,24,51.0497998046875,2
2021,8,21,22,24,52.8997998046875,2
2021,8,21,22,24,54.7498000488281,2
2021,8,21,22,24,56.5997998046875,2
2021,8,21,22,24,58.4498000488281,2
2021,8,21,22,25,0.2997998046875,2
2021,8,21,22,25,2.1497998046875,2
2021,8,21,22,25,4.0497998046875,2
2021,8,21,22,25,5.8497998046875,2
2021,8,21,22,25,7.74980004882813,2
2021,8,21,22,25,9.5997998046875,2
2021,8,21,22,25,11.4498000488281,2
2021,8,21,22,25,13.2997998046875,2
2021,8,21,22,25,15.0997998046875,2
2021,8,21,22,25,16.9498000488281,2
2021,8,21,22,25,18.8497998046875,2
2021,8,21,22,25,20.6497998046875,2
2021,8,21,22,25,22.4998000488281,2
2021,8,21,22,25,24.3497998046875,2
2021,8,21,22,25,26.1998000488281,2
2021,8,21,22,25,28.0497998046875,2
2021,8,21,22,25,29.8997998046875,2
2021,8,21,22,25,31.7498000488281,2
2021,8,21,22,25,33.5997998046875,2
2021,8,21,22,25,35.4498000488281,2
2021,8,21,22,25,37.2997998046875,2
2021,8,21,22,25,39.1497998046875,2
2021,8,21,22,25,40.9998000488281,2
2021,8,21,22,25,42.8497998046875,2
2021,8,21,22,25,44.7498000488281,2
2021,8,21,22,25,46.5997998046875,2
2021,8,21,22,25,48.3997998046875,2
2021,8,21,22,25,50.2498000488281,2
2021,8,21,22,25,52.0997998046875,2
2021,8,21,22,25,53.9498000488281,2
2021,8,21,22,25,55.7997998046875,2
2021,8,21,22,25,57.6497998046875,2
2021,8,21,22,25,59.4998000488281,2
2021,8,21,22,26,1.3497998046875,2
2021,8,21,22,26,3.19980004882812,1
2021,8,21,22,26,5.0497998046875,1
2021,8,21,22,26,6.8997998046875,1
2021,8,21,22,26,8.74980004882812,1
2021,8,21,22,26,10.5997998046875,0
2021,8,21,22,26,12.4498000488281,0
2021,8,21,22,26,14.2997998046875,0
2021,8,21,22,26,16.1497998046875,0
2021,8,21,22,26,17.9998000488281,0
2021,8,21,22,26,19.8497998046875,0
2021,8,21,22,26,21.6998000488281,0
2021,8,21,22,26,23.5497998046875,0
2021,8,21,22,26,25.3997998046875,0
2021,8,21,22,26,27.2498000488281,0
2021,8,21,22,26,29.0997998046875,0
2021,8,21,22,26,30.9498000488281,0
2021,8,21,22,26,32.7997998046875,0
2021,8,21,22,26,34.6497998046875,0
2021,8,21,22,26,36.4998000488281,0
2021,8,21,22,26,38.3497998046875,0
2021,8,21,22,26,40.1998000488281,0
2021,8,21,22,26,42.0497998046875,0
2021,8,21,22,26,43.8997998046875,0
2021,8,21,22,26,45.7498000488281,0
2021,8,21,22,26,47.5997998046875,0
2021,8,21,22,26,49.4498000488281,0
2021,8,21,22,26,51.2997998046875,0
2021,8,21,22,26,53.1497998046875,0
2021,8,21,22,26,54.9998000488281,0
2021,8,21,22,26,56.8497998046875,1
2021,8,21,22,26,58.6998000488281,1
2021,8,21,22,27,0.5497998046875,1
2021,8,21,22,27,2.3997998046875,1
2021,8,21,22,27,4.24980004882813,1
2021,8,21,22,27,6.1497998046875,1
2021,8,21,22,27,6.1497998046875,1
2021,8,21,22,27,7.94980004882813,1
2021,8,21,22,27,9.7997998046875,1
2021,8,21,22,27,11.6497998046875,1
2021,8,21,22,27,13.4998000488281,1
2021,8,21,22,27,15.3497998046875,1
2021,8,21,22,27,17.1998000488281,1
2021,8,21,22,27,19.0497998046875,1
2021,8,21,22,27,20.8997998046875,1
2021,8,21,22,27,22.7498000488281,1
2021,8,21,22,27,24.5997998046875,1
2021,8,21,22,27,26.4498000488281,1
2021,8,21,22,27,28.2997998046875,1
2021,8,21,22,27,30.1497998046875,1
2021,8,21,22,27,31.9998000488281,1
2021,8,21,22,27,33.8497998046875,1
2021,8,21,22,27,35.6998000488281,1
2021,8,21,22,27,37.5497998046875,1
2021,8,21,22,27,39.3997998046875,1
2021,8,21,22,27,41.2498000488281,2
2021,8,21,22,27,43.0997998046875,2
2021,8,21,22,27,44.9498000488281,2
2021,8,21,22,27,46.7997998046875,2
2021,8,21,22,27,48.6497998046875,2
2021,8,21,22,27,50.4998000488281,2
2021,8,21,22,27,52.3497998046875,2
2021,8,21,22,27,54.1998000488281,2
2021,8,21,22,27,56.0497998046875,2
2021,8,21,22,27,57.8997998046875,2
2021,8,21,22,27,59.7498000488281,2
2021,8,21,22,28,1.5997998046875,2
2021,8,21,22,28,3.44980004882812,2
2021,8,21,22,28,5.2997998046875,2
2021,8,21,22,28,7.1497998046875,2
2021,8,21,22,28,8.99980004882812,1
2021,8,21,22,28,10.8497998046875,1
2021,8,21,22,28,12.6998000488281,1
2021,8,21,22,28,14.5497998046875,1
2021,8,21,22,28,16.3997998046875,1
2021,8,21,22,28,18.2498000488281,1
2021,8,21,22,28,20.0997998046875,1
2021,8,21,22,28,21.9498000488281,1
2021,8,21,22,28,23.7997998046875,1
2021,8,21,22,28,25.6497998046875,0
2021,8,21,22,28,27.4998000488281,0
2021,8,21,22,28,29.3497998046875,0
2021,8,21,22,28,31.1998000488281,0
2021,8,21,22,28,33.0497998046875,0
2021,8,21,22,28,34.8997998046875,0
2021,8,21,22,28,36.7498000488281,0
2021,8,21,22,28,38.5997998046875,0
2021,8,21,22,28,40.4498000488281,0
2021,8,21,22,28,42.2997998046875,0
2021,8,21,22,28,44.1497998046875,0
2021,8,21,22,28,45.9998000488281,0
2021,8,21,22,28,47.8497998046875,0
2021,8,21,22,28,49.6998000488281,0
2021,8,21,22,28,51.5497998046875,0
2021,8,21,22,28,53.3997998046875,0
2021,8,21,22,28,55.2498000488281,0
2021,8,21,22,28,57.0997998046875,0
2021,8,21,22,28,58.9498000488281,0
2021,8,21,22,29,0.7997998046875,0
2021,8,21,22,29,2.6497998046875,0
2021,8,21,22,29,4.49980004882813,0
2021,8,21,22,29,6.3497998046875,0
2021,8,21,22,29,8.19980004882813,0
2021,8,21,22,29,10.0497998046875,0
2021,8,21,22,29,11.8997998046875,0
2021,8,21,22,29,13.7498000488281,0
2021,8,21,22,29,15.5997998046875,0
2021,8,21,22,29,17.4498000488281,0
2021,8,21,22,29,19.2997998046875,0
2021,8,21,22,29,21.1497998046875,0
2021,8,21,22,29,22.9998000488281,0
2021,8,21,22,29,24.8497998046875,0
2021,8,21,22,29,26.6998000488281,0
2021,8,21,22,29,28.5497998046875,0
2021,8,21,22,29,30.3997998046875,0
2021,8,21,22,29,32.2498000488281,0
2021,8,21,22,29,34.0997998046875,0
2021,8,21,22,29,35.9498000488281,0
2021,8,21,22,29,37.7997998046875,0
2021,8,21,22,29,39.6497998046875,0
2021,8,21,22,29,41.4998000488281,0
2021,8,21,22,29,43.3497998046875,0
2021,8,21,22,29,45.1998000488281,0
2021,8,21,22,29,47.0497998046875,0
2021,8,21,22,29,48.8997998046875,0
2021,8,21,22,29,50.7498000488281,0
2021,8,21,22,29,52.5997998046875,0
2021,8,21,22,29,54.4498000488281,0
2021,8,21,22,29,56.2997998046875,0
2021,8,21,22,29,58.1497998046875,0
2021,8,21,22,29,59.9998000488281,0
2021,8,21,22,30,1.8497998046875,0
2021,8,21,22,30,3.69980004882812,0
2021,8,21,22,30,5.5497998046875,0
2021,8,21,22,30,7.3997998046875,0
2021,8,21,22,30,9.24980004882812,0
2021,8,21,22,30,11.0997998046875,0
2021,8,21,22,30,12.9498000488281,0
2021,8,21,22,30,14.7997998046875,0
2021,8,21,22,30,16.6497998046875,0
2021,8,21,22,30,18.4998000488281,0
2021,8,21,22,30,20.3497998046875,0
2021,8,21,22,30,22.1998000488281,0
2021,8,21,22,30,24.0497998046875,0
2021,8,21,22,30,25.9498000488281,0
2021,8,21,22,30,27.7498000488281,0
2021,8,21,22,30,29.5997998046875,0
2021,8,21,22,30,31.4498000488281,0
2021,8,21,22,30,33.2997998046875,0
2021,8,21,22,30,35.1497998046875,0
2021,8,21,22,30,36.9998000488281,0
2021,8,21,22,30,38.8497998046875,0
2021,8,21,22,30,40.6998000488281,0
2021,8,21,22,30,42.5497998046875,0
2021,8,21,22,30,44.3997998046875,0
2021,8,21,22,30,46.2498000488281,0
2021,8,21,22,30,48.0997998046875,0
2021,8,21,22,30,49.9498000488281,0
2021,8,21,22,30,51.7997998046875,0
2021,8,21,22,30,53.6497998046875,0
2021,8,21,22,30,55.4998000488281,0
2021,8,21,22,30,57.3497998046875,0
2021,8,21,22,30,59.1998000488281,0
2021,8,21,22,31,1.0497998046875,0
2021,8,21,22,31,2.8997998046875,0
2021,8,21,22,31,4.7997998046875,0
2021,8,21,22,31,6.6497998046875,0
2021,8,21,22,31,8.49980004882812,0
2021,8,21,22,31,10.3497998046875,0
2021,8,21,22,31,12.1998000488281,0
2021,8,21,22,31,14.0497998046875,0
2021,8,21,22,31,15.8997998046875,0
2021,8,21,22,31,15.8997998046875,0
2021,8,21,22,31,17.7498000488281,0
2021,8,21,22,31,19.5997998046875,0
2021,8,21,22,31,21.4498000488281,0
2021,8,21,22,31,23.2997998046875,0
2021,8,21,22,31,25.1497998046875,0
2021,8,21,22,31,26.9498000488281,0
2021,8,21,22,31,28.7997998046875,0
2021,8,21,22,31,30.6497998046875,0
2021,8,21,22,31,32.4998000488281,0
2021,8,21,22,31,34.3497998046875,0
2021,8,21,22,31,36.1998000488281,0
2021,8,21,22,31,38.0497998046875,0
2021,8,21,22,31,39.8997998046875,0
2021,8,21,22,31,41.7498000488281,0
2021,8,21,22,31,43.5997998046875,0
2021,8,21,22,31,45.4498000488281,0
2021,8,21,22,31,47.2997998046875,0
2021,8,21,22,31,49.1497998046875,0
2021,8,21,22,31,50.9998000488281,0
2021,8,21,22,31,52.8497998046875,0
2021,8,21,22,31,54.6998000488281,0
2021,8,21,22,31,56.5497998046875,0
2021,8,21,22,31,58.3997998046875,0
2021,8,21,22,32,0.249800048828125,0
2021,8,21,22,32,2.0997998046875,0
2021,8,21,22,32,3.94980004882812,0
2021,8,21,22,32,5.7997998046875,0
2021,8,21,22,32,7.6497998046875,0
2021,8,21,22,32,9.49980004882812,0
2021,8,21,22,32,11.3497998046875,0
2021,8,21,22,32,13.1998000488281,0
2021,8,21,22,32,15.0497998046875,0
2021,8,21,22,32,16.8997998046875,0
2021,8,21,22,32,18.7498000488281,0
2021,8,21,22,32,20.5997998046875,0
2021,8,21,22,32,22.4498000488281,0
2021,8,21,22,32,24.2997998046875,0
2021,8,21,22,32,26.1497998046875,0
2021,8,21,22,32,27.9998000488281,0
2021,8,21,22,32,29.8497998046875,0
2021,8,21,22,32,31.6998000488281,0
2021,8,21,22,32,33.5497998046875,0
2021,8,21,22,32,35.3997998046875,0
2021,8,21,22,32,37.2498000488281,0
2021,8,21,22,32,39.0997998046875,0
2021,8,21,22,32,40.9498000488281,0
2021,8,21,22,32,42.7997998046875,0
2021,8,21,22,32,44.6497998046875,0
2021,8,21,22,32,46.4998000488281,0
2021,8,21,22,32,48.3497998046875,0
2021,8,21,22,32,50.1998000488281,0
2021,8,21,22,32,52.0497998046875,0
2021,8,21,22,32,53.8997998046875,0
2021,8,21,22,32,55.7498000488281,0
2021,8,21,22,32,57.5997998046875,0
2021,8,21,22,32,59.4498000488281,0
2021,8,21,22,33,1.2997998046875,0
2021,8,21,22,33,3.1497998046875,0
2021,8,21,22,33,4.99980004882813,0
2021,8,21,22,33,6.8497998046875,0
2021,8,21,22,33,8.69980004882813,0
2021,8,21,22,33,10.5497998046875,0
2021,8,21,22,33,12.3997998046875,0
2021,8,21,22,33,14.2498000488281,0
2021,8,21,22,33,16.0997998046875,0
2021,8,21,22,33,17.9498000488281,0
2021,8,21,22,33,19.7997998046875,0
2021,8,21,22,33,21.6497998046875,0
2021,8,21,22,33,23.4998000488281,0
2021,8,21,22,33,25.3497998046875,0
2021,8,21,22,33,27.1998000488281,0
2021,8,21,22,33,29.0497998046875,0
2021,8,21,22,33,30.8997998046875,0
2021,8,21,22,33,32.7498000488281,0
2021,8,21,22,33,34.5997998046875,0
2021,8,21,22,33,36.4498000488281,0
2021,8,21,22,33,38.2997998046875,0
2021,8,21,22,33,40.1497998046875,0
2021,8,21,22,33,41.9998000488281,0
2021,8,21,22,33,43.8497998046875,0
2021,8,21,22,33,45.6998000488281,0
2021,8,21,22,33,47.5497998046875,0
2021,8,21,22,33,49.3997998046875,0
2021,8,21,22,33,51.2498000488281,0
2021,8,21,22,33,53.0997998046875,0
2021,8,21,22,33,54.9498000488281,0
2021,8,21,22,33,56.7997998046875,0
2021,8,21,22,33,58.6497998046875,0
2021,8,21,22,34,0.499800048828125,0
2021,8,21,22,34,2.3497998046875,0
2021,8,21,22,34,4.19980004882813,0
2021,8,21,22,34,6.0497998046875,0
2021,8,21,22,34,7.8997998046875,0
2021,8,21,22,34,9.74980004882812,0
2021,8,21,22,34,11.5997998046875,0
2021,8,21,22,34,13.4498000488281,0
2021,8,21,22,34,15.2997998046875,0
2021,8,21,22,34,17.1497998046875,0
2021,8,21,22,34,18.9998000488281,0
2021,8,21,22,34,20.8497998046875,0
2021,8,21,22,34,22.6998000488281,0
2021,8,21,22,34,24.5497998046875,0
2021,8,21,22,34,26.3997998046875,0
2021,8,21,22,34,28.2498000488281,0
2021,8,21,22,34,30.0997998046875,0
2021,8,21,22,34,31.9998000488281,0
2021,8,21,22,34,33.8497998046875,0
2021,8,21,22,34,35.6998000488281,0
2021,8,21,22,34,37.5497998046875,0
2021,8,21,22,34,39.3497998046875,0
2021,8,21,22,34,41.2498000488281,0
2021,8,21,22,34,43.0997998046875,0
2021,8,21,22,34,44.9498000488281,0
2021,8,21,22,34,46.7498000488281,0
2021,8,21,22,34,48.5997998046875,0
2021,8,21,22,34,50.4998000488281,0
2021,8,21,22,34,52.2997998046875,0
2021,8,21,22,34,54.1497998046875,0
2021,8,21,22,34,56.0497998046875,0
2021,8,21,22,34,57.8497998046875,0
2021,8,21,22,34,59.6998000488281,0
2021,8,21,22,35,1.5497998046875,0
2021,8,21,22,35,3.3997998046875,0
2021,8,21,22,35,5.24980004882813,0
2021,8,21,22,35,7.0997998046875,0
2021,8,21,22,35,8.94980004882813,0
2021,8,21,22,35,10.7997998046875,0
2021,8,21,22,35,12.6497998046875,0
2021,8,21,22,35,14.4998000488281,0
2021,8,21,22,35,16.3497998046875,0
2021,8,21,22,35,18.2498000488281,0
2021,8,21,22,35,20.0997998046875,0
2021,8,21,22,35,21.8997998046875,0
2021,8,21,22,35,23.7997998046875,0
2021,8,21,22,35,25.6497998046875,0
2021,8,21,22,35,27.4998000488281,0
2021,8,21,22,35,40.3997998046875,0
2021,8,21,22,35,42.2498000488281,0
2021,8,21,22,35,44.0997998046875,0
2021,8,21,22,35,45.9498000488281,0
2021,8,21,22,35,47.7997998046875,0
2021,8,21,22,35,49.6497998046875,1
2021,8,21,22,35,51.4998000488281,1
2021,8,21,22,35,53.3997998046875,1
2021,8,21,22,35,55.1998000488281,1
2021,8,21,22,35,57.0497998046875,1
2021,8,21,22,35,58.8997998046875,1
2021,8,21,22,36,0.749800048828125,1
2021,8,21,22,36,2.5997998046875,1
2021,8,21,22,36,4.44980004882813,1
2021,8,21,22,36,6.2997998046875,1
2021,8,21,22,36,8.1497998046875,1
2021,8,21,22,36,9.99980004882812,1
2021,8,21,22,36,11.8497998046875,1
2021,8,21,22,36,13.6998000488281,1
2021,8,21,22,36,15.5497998046875,1
2021,8,21,22,36,17.3997998046875,1
2021,8,21,22,36,19.2498000488281,1
2021,8,21,22,36,21.0997998046875,1
2021,8,21,22,36,22.9498000488281,1
2021,8,21,22,36,24.7997998046875,1
2021,8,21,22,36,26.6497998046875,1
2021,8,21,22,36,28.4998000488281,1
2021,8,21,22,36,30.3497998046875,1
2021,8,21,22,36,32.1998000488281,1
2021,8,21,22,36,34.0497998046875,1
2021,8,21,22,36,35.8997998046875,1
2021,8,21,22,36,37.7498000488281,1
2021,8,21,22,36,39.5997998046875,1
2021,8,21,22,36,41.4498000488281,1
2021,8,21,22,36,43.3497998046875,1
2021,8,21,22,36,45.1998000488281,1
2021,8,21,22,36,46.9998000488281,1
2021,8,21,22,36,48.8497998046875,1
2021,8,21,22,36,50.6998000488281,1
2021,8,21,22,36,52.5497998046875,1
2021,8,21,22,36,54.3997998046875,1
2021,8,21,22,36,56.2498000488281,1
2021,8,21,22,36,58.1497998046875,1
2021,8,21,22,36,59.9498000488281,1
2021,8,21,22,37,1.7997998046875,1
2021,8,21,22,37,3.6497998046875,1
2021,8,21,22,37,5.49980004882813,1
2021,8,21,22,37,7.3497998046875,1
2021,8,21,22,37,9.19980004882813,1
2021,8,21,22,37,11.0497998046875,1
2021,8,21,22,37,12.8997998046875,1
2021,8,21,22,37,14.7498000488281,1
2021,8,21,22,37,16.5997998046875,1
2021,8,21,22,37,18.4498000488281,1
2021,8,21,22,37,20.2997998046875,1
2021,8,21,22,37,22.1497998046875,0
2021,8,21,22,37,23.9998000488281,0
2021,8,21,22,37,25.8497998046875,0
2021,8,21,22,37,27.6998000488281,0
2021,8,21,22,37,29.5497998046875,0
2021,8,21,22,37,31.3997998046875,0
2021,8,21,22,37,33.2498000488281,0
2021,8,21,22,37,35.0997998046875,0
2021,8,21,22,37,36.9998000488281,0
2021,8,21,22,37,38.8497998046875,0
2021,8,21,22,37,40.6998000488281,0
2021,8,21,22,37,42.5497998046875,0
2021,8,21,22,37,44.3997998046875,0
2021,8,21,22,37,46.2498000488281,0
2021,8,21,22,37,48.0997998046875,0
2021,8,21,22,37,49.9498000488281,0
2021,8,21,22,37,51.7997998046875,0
2021,8,21,22,37,53.6497998046875,0
2021,8,21,22,37,55.4998000488281,0
2021,8,21,22,37,57.3497998046875,0
2021,8,21,22,37,59.1998000488281,0
2021,8,21,22,38,0.999800048828125,0
2021,8,21,22,38,2.8997998046875,0
2021,8,21,22,38,4.8997998046875,0
2021,8,21,22,38,6.94980004882813,0
2021,8,21,22,38,9.5997998046875,1
2021,8,21,22,38,11.4498000488281,1
2021,8,21,22,38,13.2997998046875,1
2021,8,21,22,38,15.1497998046875,1
2021,8,21,22,38,16.9998000488281,1
2021,8,21,22,38,18.8497998046875,1
2021,8,21,22,38,20.6998000488281,1
2021,8,21,22,38,22.5497998046875,1
2021,8,21,22,38,24.3997998046875,1
2021,8,21,22,38,26.2498000488281,1
2021,8,21,22,38,28.0997998046875,1
2021,8,21,22,38,29.9498000488281,1
2021,8,21,22,38,31.7997998046875,1
2021,8,21,22,38,33.6497998046875,1
2021,8,21,22,38,35.4998000488281,1
2021,8,21,22,38,37.3497998046875,1
2021,8,21,22,38,39.1998000488281,1
2021,8,21,22,38,41.0497998046875,1
2021,8,21,22,38,42.8997998046875,1
2021,8,21,22,38,44.7498000488281,1
2021,8,21,22,38,46.5997998046875,1
2021,8,21,22,38,48.4498000488281,1
2021,8,21,22,38,50.2997998046875,1
2021,8,21,22,38,52.1497998046875,1
2021,8,21,22,38,53.9998000488281,1
2021,8,21,22,38,55.8497998046875,1
2021,8,21,22,38,57.6998000488281,1
2021,8,21,22,38,59.5497998046875,1
2021,8,21,22,39,1.3997998046875,1
2021,8,21,22,39,3.24980004882813,1
2021,8,21,22,39,5.0997998046875,1
2021,8,21,22,39,6.94980004882813,1
2021,8,21,22,39,8.7997998046875,1
2021,8,21,22,39,10.6497998046875,1
2021,8,21,22,39,12.4998000488281,1
2021,8,21,22,39,14.3497998046875,1
2021,8,21,22,39,16.1998000488281,1
2021,8,21,22,39,18.0497998046875,1
2021,8,21,22,39,19.8997998046875,1
2021,8,21,22,39,21.7498000488281,1
2021,8,21,22,39,23.5997998046875,1
2021,8,21,22,39,25.4498000488281,1
2021,8,21,22,39,27.2997998046875,1
2021,8,21,22,39,29.1497998046875,1
2021,8,21,22,39,30.9998000488281,1
2021,8,21,22,39,32.8497998046875,1
2021,8,21,22,39,34.6998000488281,1
2021,8,21,22,39,36.5497998046875,1
2021,8,21,22,39,38.3997998046875,1
2021,8,21,22,39,36.5497998046875,1
2021,8,21,22,39,38.3997998046875,1
2021,8,21,22,39,40.2498000488281,1
2021,8,21,22,39,42.0997998046875,1
2021,8,21,22,39,43.9498000488281,1
2021,8,21,22,39,45.7997998046875,1
2021,8,21,22,39,47.6497998046875,1
2021,8,21,22,39,49.4998000488281,1
2021,8,21,22,39,51.2498000488281,1
2021,8,21,22,39,52.3997998046875,0
2021,8,21,22,39,54.1998000488281,0
2021,8,21,22,39,56.0497998046875,0
2021,8,21,22,39,57.8997998046875,0
2021,8,21,22,39,59.7997998046875,0
2021,8,21,22,40,1.6497998046875,0
2021,8,21,22,40,3.49980004882813,0
2021,8,21,22,40,5.3497998046875,0
2021,8,21,22,40,7.19980004882813,0
2021,8,21,22,40,9.0497998046875,0
2021,8,21,22,40,10.8997998046875,0
2021,8,21,22,40,12.7498000488281,0
2021,8,21,22,40,14.5997998046875,0
2021,8,21,22,40,16.4498000488281,0
2021,8,21,22,40,18.2997998046875,0
2021,8,21,22,40,20.1497998046875,0
2021,8,21,22,40,21.9998000488281,0
2021,8,21,22,40,23.8497998046875,0
2021,8,21,22,40,25.6998000488281,0
2021,8,21,22,40,27.5497998046875,0
2021,8,21,22,40,29.3997998046875,0
2021,8,21,22,40,31.2498000488281,0
2021,8,21,22,40,33.0997998046875,0
2021,8,21,22,40,34.9498000488281,0
2021,8,21,22,40,36.7997998046875,0
2021,8,21,22,40,38.6497998046875,0
2021,8,21,22,40,40.4998000488281,0
2021,8,21,22,40,42.3497998046875,0
2021,8,21,22,40,44.1998000488281,0
2021,8,21,22,40,46.0497998046875,0
2021,8,21,22,40,47.8997998046875,0
2021,8,21,22,40,49.7498000488281,0
2021,8,21,22,40,51.5997998046875,0
2021,8,21,22,40,53.4498000488281,0
2021,8,21,22,40,55.2997998046875,0
2021,8,21,22,40,57.1497998046875,0
2021,8,21,22,40,58.9998000488281,0
2021,8,21,22,41,0.8497998046875,0
2021,8,21,22,41,2.69980004882812,0
2021,8,21,22,41,4.5497998046875,0
2021,8,21,22,41,6.3997998046875,0
2021,8,21,22,41,8.24980004882812,0
2021,8,21,22,41,10.0997998046875,0
2021,8,21,22,41,11.9498000488281,0
2021,8,21,22,41,13.7997998046875,0
2021,8,21,22,41,15.6497998046875,0
2021,8,21,22,41,17.4998000488281,0
2021,8,21,22,41,19.3497998046875,0
2021,8,21,22,41,21.1998000488281,0
2021,8,21,22,41,23.0497998046875,0
2021,8,21,22,41,24.8997998046875,0
2021,8,21,22,41,26.7498000488281,0
2021,8,21,22,41,28.5997998046875,0
2021,8,21,22,41,30.4498000488281,0
2021,8,21,22,41,32.2997998046875,0
2021,8,21,22,41,34.1497998046875,0
2021,8,21,22,41,35.9998000488281,0
2021,8,21,22,41,37.8497998046875,0
2021,8,21,22,41,39.6998000488281,0
2021,8,21,22,41,41.5497998046875,0
2021,8,21,22,41,43.3997998046875,0
2021,8,21,22,41,45.2498000488281,0
2021,8,21,22,41,47.0997998046875,0
2021,8,21,22,41,48.9498000488281,0
2021,8,21,22,41,50.7997998046875,0
2021,8,21,22,41,52.6497998046875,0
2021,8,21,22,41,54.4998000488281,0
2021,8,21,22,41,56.2997998046875,0
2021,8,21,22,41,58.0497998046875,0
2021,8,21,22,41,59.8497998046875,0
2021,8,21,22,42,1.5997998046875,0
2021,8,21,22,42,3.3497998046875,0
2021,8,21,22,42,5.1497998046875,0
2021,8,21,22,42,6.94980004882813,0
2021,8,21,22,42,8.74980004882812,0
2021,8,21,22,42,10.5997998046875,0
2021,8,21,22,42,12.4498000488281,0
2021,8,21,22,42,14.3497998046875,0
2021,8,21,22,42,16.1998000488281,0
2021,8,21,22,42,18.0997998046875,0
2021,8,21,22,42,19.9498000488281,0
2021,8,21,22,42,21.8497998046875,0
2021,8,21,22,42,23.6998000488281,0
2021,8,21,22,42,25.5497998046875,0
2021,8,21,22,42,27.3997998046875,0
2021,8,21,22,42,29.2498000488281,0
2021,8,21,22,42,31.0997998046875,0
2021,8,21,22,42,32.9498000488281,0
2021,8,21,22,42,34.7997998046875,0
2021,8,21,22,42,36.6497998046875,0
2021,8,21,22,42,38.4998000488281,0
2021,8,21,22,42,40.3497998046875,0
2021,8,21,22,42,42.1998000488281,0
2021,8,21,22,42,44.0497998046875,0
2021,8,21,22,42,45.8997998046875,0
2021,8,21,22,42,47.7498000488281,0
2021,8,21,22,42,49.5997998046875,0
2021,8,21,22,42,51.4498000488281,0
2021,8,21,22,42,53.2997998046875,0
2021,8,21,22,42,55.1497998046875,0
2021,8,21,22,42,56.9998000488281,0
2021,8,21,22,42,58.8497998046875,0
2021,8,21,22,43,0.699800048828125,0
2021,8,21,22,43,2.5497998046875,0
2021,8,21,22,43,4.3997998046875,0
2021,8,21,22,43,6.24980004882813,0
2021,8,21,22,43,8.0997998046875,0
2021,8,21,22,43,9.94980004882813,0
2021,8,21,22,43,11.7997998046875,0
2021,8,21,22,43,13.6497998046875,0
2021,8,21,22,43,15.4998000488281,0
2021,8,21,22,43,17.3497998046875,0
2021,8,21,22,43,19.1998000488281,0
2021,8,21,22,43,21.0497998046875,0
2021,8,21,22,43,22.8997998046875,0
2021,8,21,22,43,24.7498000488281,0
2021,8,21,22,43,26.5997998046875,0
2021,8,21,22,43,28.4498000488281,0
2021,8,21,22,43,30.2997998046875,0
2021,8,21,22,43,32.1497998046875,0
2021,8,21,22,43,33.9998000488281,0
2021,8,21,22,43,35.8497998046875,0
2021,8,21,22,43,37.6998000488281,0
2021,8,21,22,43,39.5497998046875,0
2021,8,21,22,43,41.3997998046875,0
2021,8,21,22,43,43.2498000488281,0
2021,8,21,22,43,45.0997998046875,0
2021,8,21,22,43,46.9498000488281,0
2021,8,21,22,43,46.9498000488281,0
2021,8,21,22,43,48.7997998046875,0
2021,8,21,22,43,50.6497998046875,0
2021,8,21,22,43,52.4998000488281,0
2021,8,21,22,43,54.3497998046875,0
2021,8,21,22,43,56.1998000488281,0
2021,8,21,22,43,58.0497998046875,0
2021,8,21,22,43,59.8997998046875,0
2021,8,21,22,44,1.74980004882813,0
2021,8,21,22,44,3.5997998046875,0
2021,8,21,22,44,5.44980004882813,0
2021,8,21,22,44,7.2997998046875,0
2021,8,21,22,44,9.1497998046875,0
2021,8,21,22,44,10.9998000488281,0
2021,8,21,22,44,12.8497998046875,0
2021,8,21,22,44,14.6998000488281,0
2021,8,21,22,44,16.5497998046875,0
2021,8,21,22,44,18.3997998046875,0
2021,8,21,22,44,20.2498000488281,0
2021,8,21,22,44,22.0997998046875,0
2021,8,21,22,44,23.9498000488281,0
2021,8,21,22,44,25.7997998046875,0
2021,8,21,22,44,27.6497998046875,0
2021,8,21,22,44,29.4998000488281,0
2021,8,21,22,44,31.3497998046875,0
2021,8,21,22,44,33.1998000488281,0
2021,8,21,22,44,35.0497998046875,0
2021,8,21,22,44,36.8997998046875,0
2021,8,21,22,44,38.7498000488281,0
2021,8,21,22,44,40.5997998046875,0
2021,8,21,22,44,42.4498000488281,0
2021,8,21,22,44,44.2997998046875,0
2021,8,21,22,44,46.1497998046875,0
2021,8,21,22,44,47.9998000488281,0
2021,8,21,22,44,49.8497998046875,0
2021,8,21,22,44,51.7498000488281,0
2021,8,21,22,44,53.5997998046875,0
2021,8,21,22,44,55.4498000488281,0
2021,8,21,22,44,57.2498000488281,0
2021,8,21,22,44,59.0997998046875,0
2021,8,21,22,45,0.949800048828125,0
2021,8,21,22,45,2.7997998046875,0
2021,8,21,22,45,4.6497998046875,0
2021,8,21,22,45,6.49980004882813,0
2021,8,21,22,45,8.3497998046875,0
2021,8,21,22,45,10.1998000488281,0
2021,8,21,22,45,12.0497998046875,0
2021,8,21,22,45,13.8997998046875,0
2021,8,21,22,45,15.7498000488281,0
2021,8,21,22,45,17.5997998046875,0
2021,8,21,22,45,19.4498000488281,0
2021,8,21,22,45,21.2997998046875,0
2021,8,21,22,45,23.1998000488281,0
2021,8,21,22,45,24.9998000488281,0
2021,8,21,22,45,26.8497998046875,0
2021,8,21,22,45,28.7498000488281,0
2021,8,21,22,45,30.6497998046875,0
2021,8,21,22,45,32.5997998046875,0
2021,8,21,22,45,34.5497998046875,0
2021,8,21,22,45,36.4498000488281,0
2021,8,21,22,45,38.3497998046875,0
2021,8,21,22,45,40.1998000488281,0
2021,8,21,22,45,42.0497998046875,0
2021,8,21,22,45,43.8497998046875,0
2021,8,21,22,45,45.6497998046875,0
2021,8,21,22,45,47.4498000488281,0
2021,8,21,22,45,49.2997998046875,0
2021,8,21,22,45,51.0997998046875,0
2021,8,21,22,45,52.8997998046875,0
2021,8,21,22,45,54.6998000488281,0
2021,8,21,22,45,56.4998000488281,0
2021,8,21,22,45,58.3497998046875,0
2021,8,21,22,46,0.199800048828125,0
2021,8,21,22,46,1.99980004882813,0
2021,8,21,22,46,3.8497998046875,0
2021,8,21,22,46,5.69980004882813,0
2021,8,21,22,46,7.5497998046875,0
2021,8,21,22,46,9.3997998046875,0
2021,8,21,22,46,11.2997998046875,0
2021,8,21,22,46,13.1497998046875,0
2021,8,21,22,46,14.9998000488281,0
2021,8,21,22,46,16.8497998046875,0
2021,8,21,22,46,18.6497998046875,0
2021,8,21,22,46,20.4998000488281,0
2021,8,21,22,46,22.3497998046875,0
2021,8,21,22,46,24.1998000488281,0
2021,8,21,22,46,26.0497998046875,0
2021,8,21,22,46,27.8997998046875,0
2021,8,21,22,46,29.7498000488281,0
2021,8,21,22,46,31.5997998046875,0
2021,8,21,22,46,33.4498000488281,0
2021,8,21,22,46,35.2997998046875,0
2021,8,21,22,46,37.1497998046875,0
2021,8,21,22,46,38.9998000488281,0
2021,8,21,22,46,40.8497998046875,0
2021,8,21,22,46,42.6998000488281,0
2021,8,21,22,46,44.5497998046875,0
2021,8,21,22,46,46.3997998046875,0
2021,8,21,22,46,48.2498000488281,0
2021,8,21,22,46,50.0997998046875,0
2021,8,21,22,46,51.9498000488281,0
2021,8,21,22,46,53.7997998046875,0
2021,8,21,22,46,55.6497998046875,0
2021,8,21,22,46,57.4998000488281,0
2021,8,21,22,46,59.3497998046875,0
2021,8,21,22,47,1.19980004882813,0
2021,8,21,22,47,3.0497998046875,0
2021,8,21,22,47,4.8997998046875,1
2021,8,21,22,47,6.74980004882813,1
2021,8,21,22,47,8.5997998046875,1
2021,8,21,22,47,10.4498000488281,1
2021,8,21,22,47,12.2997998046875,2
2021,8,21,22,47,14.1497998046875,2
2021,8,21,22,47,15.9998000488281,2
2021,8,21,22,47,17.8497998046875,2
2021,8,21,22,47,19.6998000488281,2
2021,8,21,22,47,21.5497998046875,2
2021,8,21,22,47,23.3997998046875,2
2021,8,21,22,47,25.2498000488281,2
2021,8,21,22,47,27.0997998046875,2
2021,8,21,22,47,28.9498000488281,2
2021,8,21,22,47,30.7997998046875,2
2021,8,21,22,47,32.6497998046875,2
2021,8,21,22,47,34.4998000488281,2
2021,8,21,22,47,36.3497998046875,2
2021,8,21,22,47,38.1998000488281,2
2021,8,21,22,47,40.0497998046875,2
2021,8,21,22,47,41.8997998046875,2
2021,8,21,22,47,43.7498000488281,2
2021,8,21,22,47,45.5997998046875,2
2021,8,21,22,47,47.4498000488281,2
2021,8,21,22,47,49.2997998046875,1
2021,8,21,22,47,51.1497998046875,1
2021,8,21,22,47,52.9998000488281,1
2021,8,21,22,47,54.8497998046875,0
2021,8,21,22,47,56.6998000488281,0
2021,8,21,22,48,0.3997998046875,0
2021,8,21,22,48,2.24980004882813,0
2021,8,21,22,48,4.0997998046875,0
2021,8,21,22,48,5.94980004882813,0
2021,8,21,22,48,7.7997998046875,0
2021,8,21,22,48,9.6497998046875,0
2021,8,21,22,48,11.4998000488281,0
2021,8,21,22,48,13.3497998046875,0
2021,8,21,22,48,15.1998000488281,0
2021,8,21,22,48,17.0497998046875,0
2021,8,21,22,48,18.8997998046875,0
2021,8,21,22,48,20.7498000488281,0
2021,8,21,22,48,22.5997998046875,0
2021,8,21,22,48,24.4498000488281,0
2021,8,21,22,48,26.2997998046875,0
2021,8,21,22,48,28.1497998046875,1
2021,8,21,22,48,29.9998000488281,1
2021,8,21,22,48,31.8497998046875,1
2021,8,21,22,48,33.6998000488281,1
2021,8,21,22,48,35.5497998046875,2
2021,8,21,22,48,37.3997998046875,2
2021,8,21,22,48,39.2498000488281,2
2021,8,21,22,48,41.0997998046875,2
2021,8,21,22,48,42.9498000488281,2
2021,8,21,22,48,44.7997998046875,2
2021,8,21,22,48,46.6497998046875,2
2021,8,21,22,48,48.4998000488281,2
2021,8,21,22,48,50.3497998046875,2
2021,8,21,22,48,52.1998000488281,2
2021,8,21,22,48,54.0497998046875,2
2021,8,21,22,48,55.8997998046875,2
2021,8,21,22,48,57.7498000488281,2
2021,8,21,22,48,59.5997998046875,2
2021,8,21,22,49,1.49980004882813,2
2021,8,21,22,49,3.3497998046875,2
2021,8,21,22,49,5.1497998046875,2
2021,8,21,22,49,6.99980004882813,2
2021,8,21,22,49,8.8497998046875,2
2021,8,21,22,49,10.6998000488281,2
2021,8,21,22,49,12.5497998046875,2
2021,8,21,22,49,14.3997998046875,2
2021,8,21,22,49,16.2498000488281,2
2021,8,21,22,49,18.0997998046875,2
2021,8,21,22,49,19.9498000488281,2
2021,8,21,22,49,21.8497998046875,2
2021,8,21,22,49,23.6497998046875,2
2021,8,21,22,49,25.4998000488281,2
2021,8,21,22,49,27.3497998046875,2
2021,8,21,22,49,29.2498000488281,2
2021,8,21,22,49,31.0997998046875,2
2021,8,21,22,49,32.8997998046875,2
2021,8,21,22,49,34.7997998046875,2
2021,8,21,22,49,36.5997998046875,2
2021,8,21,22,49,38.4498000488281,2
2021,8,21,22,49,40.2997998046875,2
2021,8,21,22,49,42.1497998046875,2
2021,8,21,22,49,43.9998000488281,2
2021,8,21,22,49,45.8997998046875,2
2021,8,21,22,49,47.6998000488281,2
2021,8,21,22,49,49.5497998046875,2
2021,8,21,22,49,51.3997998046875,2
2021,8,21,22,49,53.2498000488281,2
2021,8,21,22,49,55.1497998046875,1
2021,8,21,22,49,56.9498000488281,1
2021,8,21,22,49,58.7997998046875,1
2021,8,21,22,50,0.6497998046875,1
2021,8,21,22,50,2.49980004882813,1
2021,8,21,22,50,4.3497998046875,1
2021,8,21,22,50,6.24980004882813,1
2021,8,21,22,50,8.0497998046875,1
2021,8,21,22,50,9.8997998046875,1
2021,8,21,22,50,11.7997998046875,1
2021,8,21,22,50,13.6497998046875,1
2021,8,21,22,50,15.4498000488281,1
2021,8,21,22,50,17.2997998046875,1
2021,8,21,22,50,19.1497998046875,1
2021,8,21,22,50,20.9998000488281,1
2021,8,21,22,50,22.8497998046875,1
2021,8,21,22,50,24.6998000488281,1
2021,8,21,22,50,26.5497998046875,1
2021,8,21,22,50,28.3997998046875,1
2021,8,21,22,50,30.2498000488281,1
2021,8,21,22,50,32.0997998046875,1
2021,8,21,22,50,33.9998000488281,1
2021,8,21,22,50,35.7997998046875,1
2021,8,21,22,50,37.6497998046875,1
2021,8,21,22,50,39.4998000488281,1
2021,8,21,22,50,41.3497998046875,1
2021,8,21,22,50,43.1998000488281,1
2021,8,21,22,50,45.0497998046875,1
2021,8,21,22,50,46.8997998046875,1
2021,8,21,22,50,48.7498000488281,2
2021,8,21,22,50,50.5997998046875,2
2021,8,21,22,50,52.4498000488281,2
2021,8,21,22,50,54.2997998046875,2
2021,8,21,22,50,56.1497998046875,2
2021,8,21,22,50,57.9998000488281,2
2021,8,21,22,50,59.8497998046875,2
2021,8,21,22,51,1.69980004882812,1
2021,8,21,22,51,3.5497998046875,1
2021,8,21,22,51,5.44980004882813,1
2021,8,21,22,51,7.24980004882813,1
2021,8,21,22,51,9.0997998046875,0
2021,8,21,22,51,10.9498000488281,0
2021,8,21,22,51,12.7997998046875,0
2021,8,21,22,51,14.6497998046875,0
2021,8,21,22,51,16.4998000488281,0
2021,8,21,22,51,18.3497998046875,0
2021,8,21,22,51,20.1998000488281,0
2021,8,21,22,51,22.0497998046875,0
2021,8,21,22,51,23.8997998046875,0
2021,8,21,22,51,25.7498000488281,0
2021,8,21,22,51,27.5997998046875,0
2021,8,21,22,51,29.4498000488281,0
2021,8,21,22,51,31.2997998046875,0
2021,8,21,22,51,33.1497998046875,0
2021,8,21,22,51,34.9998000488281,0
2021,8,21,22,51,36.8497998046875,0
2021,8,21,22,51,38.6998000488281,0
2021,8,21,22,51,40.5497998046875,0
2021,8,21,22,51,42.3997998046875,0
2021,8,21,22,51,44.2498000488281,0
2021,8,21,22,51,46.0997998046875,0
2021,8,21,22,51,47.9498000488281,0
2021,8,21,22,51,49.7997998046875,0
2021,8,21,22,51,51.6998000488281,0
2021,8,21,22,51,53.4998000488281,0
2021,8,21,22,51,55.3497998046875,0
2021,8,21,22,51,57.1998000488281,0
2021,8,21,22,51,59.0497998046875,0
2021,8,21,22,52,0.8997998046875,0
2021,8,21,22,52,2.74980004882813,0
2021,8,21,22,52,4.5997998046875,0
2021,8,21,22,52,6.44980004882813,0
2021,8,21,22,52,6.44980004882813,0
2021,8,21,22,52,8.2997998046875,0
2021,8,21,22,52,10.1497998046875,0
2021,8,21,22,52,11.9998000488281,0
2021,8,21,22,52,13.8497998046875,0
2021,8,21,22,52,15.6998000488281,0
2021,8,21,22,52,17.5497998046875,0
2021,8,21,22,52,19.3997998046875,0
2021,8,21,22,52,21.2498000488281,0
2021,8,21,22,52,23.0997998046875,0
2021,8,21,22,52,24.9998000488281,0
2021,8,21,22,52,26.7997998046875,0
2021,8,21,22,52,28.6497998046875,0
2021,8,21,22,52,30.4998000488281,0
2021,8,21,22,52,32.3497998046875,0
2021,8,21,22,52,34.1998000488281,0
2021,8,21,22,52,36.0497998046875,0
2021,8,21,22,52,37.8997998046875,0
2021,8,21,22,52,39.7498000488281,0
2021,8,21,22,52,41.5997998046875,0
2021,8,21,22,52,43.4498000488281,0
2021,8,21,22,52,45.2997998046875,0
2021,8,21,22,52,47.1497998046875,0
2021,8,21,22,52,48.9998000488281,0
2021,8,21,22,52,50.8497998046875,0
2021,8,21,22,52,52.6998000488281,0
2021,8,21,22,52,54.5497998046875,0
2021,8,21,22,52,56.3997998046875,0
2021,8,21,22,52,58.2498000488281,0
2021,8,21,22,53,0.0997998046875,0
2021,8,21,22,53,1.94980004882812,0
2021,8,21,22,53,3.7997998046875,0
2021,8,21,22,53,5.6497998046875,0
2021,8,21,22,53,7.49980004882813,0
2021,8,21,22,53,9.3497998046875,0
2021,8,21,22,53,11.2498000488281,0
2021,8,21,22,53,13.0497998046875,0
2021,8,21,22,53,14.8997998046875,0
2021,8,21,22,53,16.7498000488281,0
2021,8,21,22,53,18.5997998046875,0
2021,8,21,22,53,20.4498000488281,0
2021,8,21,22,53,22.2997998046875,0
2021,8,21,22,53,24.1497998046875,0
2021,8,21,22,53,25.9998000488281,0
2021,8,21,22,53,27.8497998046875,0
2021,8,21,22,53,29.6998000488281,0
2021,8,21,22,53,31.5497998046875,0
2021,8,21,22,53,33.3997998046875,0
2021,8,21,22,53,35.2498000488281,0
2021,8,21,22,53,37.0997998046875,1
2021,8,21,22,53,38.9498000488281,1
2021,8,21,22,53,40.7997998046875,1
2021,8,21,22,53,42.6497998046875,1
2021,8,21,22,53,44.4998000488281,1
2021,8,21,22,53,46.3497998046875,2
2021,8,21,22,53,48.1998000488281,2
2021,8,21,22,53,50.0497998046875,2
2021,8,21,22,53,51.8997998046875,2
2021,8,21,22,53,53.7498000488281,2
2021,8,21,22,53,55.5997998046875,2
2021,8,21,22,53,57.4498000488281,2
2021,8,21,22,53,59.2997998046875,2
2021,8,21,22,54,1.1497998046875,1
2021,8,21,22,54,2.99980004882813,1
2021,8,21,22,54,4.8497998046875,1
2021,8,21,22,54,6.69980004882813,1
2021,8,21,22,54,8.5497998046875,0
2021,8,21,22,54,10.3997998046875,0
2021,8,21,22,54,12.2498000488281,0
2021,8,21,22,54,14.0997998046875,0
2021,8,21,22,54,15.9498000488281,0
2021,8,21,22,54,17.7997998046875,0
2021,8,21,22,54,19.6497998046875,0
2021,8,21,22,54,21.4998000488281,0
2021,8,21,22,54,23.3497998046875,0
2021,8,21,22,54,25.1998000488281,0
2021,8,21,22,54,27.0497998046875,0
2021,8,21,22,54,28.8997998046875,0
2021,8,21,22,54,30.7498000488281,0
2021,8,21,22,54,32.5997998046875,0
2021,8,21,22,54,34.4498000488281,0
2021,8,21,22,54,36.2997998046875,0
2021,8,21,22,54,38.1497998046875,0
2021,8,21,22,54,40.0497998046875,1
2021,8,21,22,54,41.8997998046875,1
2021,8,21,22,54,43.6998000488281,1
2021,8,21,22,54,45.5497998046875,1
2021,8,21,22,54,47.3997998046875,1
2021,8,21,22,54,49.2498000488281,1
2021,8,21,22,54,51.1497998046875,1
2021,8,21,22,54,52.9498000488281,1
2021,8,21,22,54,54.7997998046875,1
2021,8,21,22,54,56.6497998046875,1
2021,8,21,22,54,58.4998000488281,1
2021,8,21,22,55,0.3497998046875,1
2021,8,21,22,55,2.19980004882812,1
2021,8,21,22,55,4.0497998046875,1
2021,8,21,22,55,5.8997998046875,1
2021,8,21,22,55,7.74980004882813,1
2021,8,21,22,55,9.5997998046875,1
2021,8,21,22,55,11.4498000488281,1
2021,8,21,22,55,13.2997998046875,1
2021,8,21,22,55,15.1497998046875,1
2021,8,21,22,55,16.9998000488281,1
2021,8,21,22,55,18.8497998046875,1
2021,8,21,22,55,20.6998000488281,1
2021,8,21,22,55,22.5497998046875,1
2021,8,21,22,55,24.3997998046875,1
2021,8,21,22,55,26.2498000488281,1
2021,8,21,22,55,28.0997998046875,1
2021,8,21,22,55,29.9498000488281,1
2021,8,21,22,55,31.7997998046875,1
2021,8,21,22,55,33.6497998046875,1
2021,8,21,22,55,35.4998000488281,1
2021,8,21,22,55,37.3497998046875,1
2021,8,21,22,55,39.1998000488281,1
2021,8,21,22,55,41.0497998046875,1
2021,8,21,22,55,42.8997998046875,1
2021,8,21,22,55,44.7498000488281,1
2021,8,21,22,55,46.5997998046875,1
2021,8,21,22,55,48.4498000488281,1
2021,8,21,22,55,50.2997998046875,1
2021,8,21,22,55,52.1497998046875,1
2021,8,21,22,55,53.9998000488281,1
2021,8,21,22,55,55.8497998046875,1
2021,8,21,22,55,57.6998000488281,1
2021,8,21,22,55,59.5497998046875,1
2021,8,21,22,56,1.3997998046875,1
2021,8,21,22,56,3.24980004882813,1
2021,8,21,22,56,5.0997998046875,1
2021,8,21,22,56,6.94980004882813,1
2021,8,21,22,56,8.7997998046875,1
2021,8,21,22,56,10.6497998046875,1
2021,8,21,22,56,12.4998000488281,1
2021,8,21,22,56,14.3497998046875,1
2021,8,21,22,56,16.1998000488281,1
2021,8,21,22,56,16.1998000488281,1
2021,8,21,22,56,18.0497998046875,1
2021,8,21,22,56,19.8997998046875,1
2021,8,21,22,56,21.7498000488281,1
2021,8,21,22,56,23.5997998046875,1
2021,8,21,22,56,25.4498000488281,1
2021,8,21,22,56,27.2997998046875,1
2021,8,21,22,56,29.1497998046875,1
2021,8,21,22,56,30.9998000488281,1
2021,8,21,22,56,32.8497998046875,1
2021,8,21,22,56,34.6998000488281,1
2021,8,21,22,56,36.5497998046875,1
2021,8,21,22,56,38.3997998046875,1
2021,8,21,22,56,40.2498000488281,1
2021,8,21,22,56,42.0997998046875,1
2021,8,21,22,56,43.9498000488281,1
2021,8,21,22,56,45.7997998046875,1
2021,8,21,22,56,47.6497998046875,1
2021,8,21,22,56,49.4998000488281,1
2021,8,21,22,56,51.3497998046875,1
2021,8,21,22,56,53.1998000488281,1
2021,8,21,22,56,55.0497998046875,1
2021,8,21,22,56,56.8997998046875,1
2021,8,21,22,56,58.7498000488281,1
2021,8,21,22,57,0.5997998046875,1
2021,8,21,22,57,2.44980004882812,1
2021,8,21,22,57,4.2997998046875,1
2021,8,21,22,57,6.1497998046875,1
2021,8,21,22,57,7.99980004882813,1
2021,8,21,22,57,9.8497998046875,1
2021,8,21,22,57,11.6998000488281,1
2021,8,21,22,57,13.5497998046875,1
2021,8,21,22,57,15.3997998046875,1
2021,8,21,22,57,17.2498000488281,1
2021,8,21,22,57,19.0997998046875,1
2021,8,21,22,57,20.9498000488281,1
2021,8,21,22,57,22.7997998046875,1
2021,8,21,22,57,24.6497998046875,1
2021,8,21,22,57,26.4998000488281,1
2021,8,21,22,57,28.3997998046875,1
2021,8,21,22,57,30.2498000488281,1
2021,8,21,22,57,32.0497998046875,1
2021,8,21,22,57,33.8997998046875,1
2021,8,21,22,57,35.7498000488281,1
2021,8,21,22,57,37.5997998046875,1
2021,8,21,22,57,39.4498000488281,1
2021,8,21,22,57,41.2997998046875,1
2021,8,21,22,57,43.1497998046875,1
2021,8,21,22,57,44.9498000488281,1
2021,8,21,22,57,46.8997998046875,1
2021,8,21,22,57,48.6998000488281,1
2021,8,21,22,57,50.5497998046875,1
2021,8,21,22,57,52.3997998046875,1
2021,8,21,22,57,54.2498000488281,1
2021,8,21,22,57,56.0997998046875,1
2021,8,21,22,57,57.9998000488281,1
2021,8,21,22,57,59.7997998046875,1
2021,8,21,22,58,1.6497998046875,1
2021,8,21,22,58,3.49980004882813,1
2021,8,21,22,58,5.2997998046875,1
2021,8,21,22,58,7.1497998046875,1
2021,8,21,22,58,8.99980004882812,1
2021,8,21,22,58,10.8997998046875,1
2021,8,21,22,58,12.7498000488281,1
2021,8,21,22,58,14.5997998046875,1
2021,8,21,22,58,16.4498000488281,1
2021,8,21,22,58,18.2498000488281,1
2021,8,21,22,58,20.1497998046875,1
2021,8,21,22,58,21.9498000488281,1
2021,8,21,22,58,23.8497998046875,1
2021,8,21,22,58,25.6998000488281,1
2021,8,21,22,58,27.5997998046875,1
2021,8,21,22,58,29.4498000488281,1
2021,8,21,22,58,31.2498000488281,1
2021,8,21,22,58,33.1497998046875,1
2021,8,21,22,58,34.9998000488281,1
2021,8,21,22,58,36.8497998046875,1
2021,8,21,22,58,38.6998000488281,1
2021,8,21,22,58,40.5497998046875,1
2021,8,21,22,58,42.3497998046875,1
2021,8,21,22,58,44.1497998046875,1
2021,8,21,22,58,46.0997998046875,1
2021,8,21,22,58,47.8997998046875,1
2021,8,21,22,58,49.6998000488281,1
2021,8,21,22,58,51.5497998046875,1
2021,8,21,22,58,53.4498000488281,1
2021,8,21,22,58,55.2997998046875,1
2021,8,21,22,58,57.1998000488281,1
2021,8,21,22,58,59.0497998046875,1
2021,8,21,22,59,0.8497998046875,1
2021,8,21,22,59,2.69980004882812,1
2021,8,21,22,59,4.5497998046875,1
2021,8,21,22,59,6.3997998046875,1
2021,8,21,22,59,8.24980004882812,1
2021,8,21,22,59,10.0997998046875,1
2021,8,21,22,59,11.9998000488281,1
2021,8,21,22,59,13.7997998046875,1
2021,8,21,22,59,15.6497998046875,1
2021,8,21,22,59,17.4998000488281,1
2021,8,21,22,59,19.3497998046875,1
2021,8,21,22,59,21.1998000488281,1
2021,8,21,22,59,23.0497998046875,1
2021,8,21,22,59,24.8997998046875,1
2021,8,21,22,59,26.7498000488281,1
2021,8,21,22,59,28.5997998046875,1
2021,8,21,22,59,30.4998000488281,1
2021,8,21,22,59,32.2997998046875,1
2021,8,21,22,59,34.1497998046875,1
2021,8,21,22,59,35.9998000488281,1
2021,8,21,22,59,37.8997998046875,1
2021,8,21,22,59,39.7498000488281,1
2021,8,21,22,59,41.5997998046875,1
2021,8,21,22,59,43.3497998046875,1
2021,8,21,22,59,45.1998000488281,1
2021,8,21,22,59,47.0997998046875,1
2021,8,21,22,59,48.9998000488281,1
2021,8,21,22,59,50.8497998046875,1
2021,8,21,22,59,52.6497998046875,1
2021,8,21,22,59,54.4998000488281,1
2021,8,21,22,59,56.3497998046875,1
2021,8,21,22,59,58.1998000488281,2
2021,8,21,23,0,0.0497998046875,2
2021,8,21,23,0,1.8997998046875,2
2021,8,21,23,0,3.74980004882813,2
2021,8,21,23,0,5.5997998046875,2
2021,8,21,23,0,7.44980004882813,2
2021,8,21,23,0,9.2997998046875,2
2021,8,21,23,0,11.1497998046875,2
2021,8,21,23,0,12.9998000488281,2
2021,8,21,23,0,14.8997998046875,2
2021,8,21,23,0,16.6998000488281,2
2021,8,21,23,0,18.5497998046875,2
2021,8,21,23,0,25.9498000488281,2
2021,8,21,23,0,27.7997998046875,2
2021,8,21,23,0,29.6497998046875,2
2021,8,21,23,0,31.4998000488281,2
2021,8,21,23,0,33.3497998046875,2
2021,8,21,23,0,35.1998000488281,2
2021,8,21,23,0,37.0497998046875,2
2021,8,21,23,0,38.8997998046875,2
2021,8,21,23,0,40.7498000488281,2
2021,8,21,23,0,42.5997998046875,2
2021,8,21,23,0,44.4498000488281,2
2021,8,21,23,0,46.2997998046875,2
2021,8,21,23,0,48.1497998046875,2
2021,8,21,23,0,49.9998000488281,2
2021,8,21,23,0,51.8497998046875,2
2021,8,21,23,0,53.6998000488281,2
2021,8,21,23,0,55.5497998046875,2
2021,8,21,23,0,57.3997998046875,1
2021,8,21,23,0,59.2498000488281,1
2021,8,21,23,1,1.0997998046875,1
2021,8,21,23,1,2.94980004882812,1
2021,8,21,23,1,4.7997998046875,1
2021,8,21,23,1,6.6497998046875,1
2021,8,21,23,1,8.49980004882812,0
2021,8,21,23,1,10.3497998046875,0
2021,8,21,23,1,12.1998000488281,0
2021,8,21,23,1,14.0497998046875,0
2021,8,21,23,1,15.8997998046875,0
2021,8,21,23,1,17.7498000488281,0
2021,8,21,23,1,19.5997998046875,0
2021,8,21,23,1,21.4498000488281,0
2021,8,21,23,1,23.2997998046875,0
2021,8,21,23,1,25.1497998046875,0
2021,8,21,23,1,26.9998000488281,0
2021,8,21,23,1,28.8497998046875,0
2021,8,21,23,1,30.6998000488281,0
2021,8,21,23,1,32.5497998046875,0
2021,8,21,23,1,34.4498000488281,0
2021,8,21,23,1,36.2997998046875,0
2021,8,21,23,1,38.0997998046875,0
2021,8,21,23,1,39.9498000488281,0
2021,8,21,23,1,41.8497998046875,0
2021,8,21,23,1,43.6497998046875,0
2021,8,21,23,1,45.4998000488281,0
2021,8,21,23,1,47.3497998046875,0
2021,8,21,23,1,49.1998000488281,0
2021,8,21,23,1,51.0497998046875,0
2021,8,21,23,1,52.8997998046875,0
2021,8,21,23,1,54.7498000488281,0
2021,8,21,23,1,56.5497998046875,0
2021,8,21,23,1,58.3997998046875,0
2021,8,21,23,2,0.249800048828125,0
2021,8,21,23,2,2.1497998046875,0
2021,8,21,23,2,3.99980004882813,0
2021,8,21,23,2,5.8497998046875,0
2021,8,21,23,2,7.69980004882813,0
2021,8,21,23,2,9.5497998046875,0
2021,8,21,23,2,11.3997998046875,0
2021,8,21,23,2,13.2498000488281,0
2021,8,21,23,2,15.0997998046875,0
2021,8,21,23,2,16.9498000488281,0
2021,8,21,23,2,18.7997998046875,0
2021,8,21,23,2,20.6497998046875,0
2021,8,21,23,2,22.4998000488281,0
2021,8,21,23,2,24.3497998046875,0
2021,8,21,23,2,26.1998000488281,0
2021,8,21,23,2,27.9998000488281,0
2021,8,21,23,2,29.8497998046875,0
2021,8,21,23,2,31.7498000488281,0
2021,8,21,23,2,33.5997998046875,0
2021,8,21,23,2,35.4498000488281,0
2021,8,21,23,2,37.2997998046875,0
2021,8,21,23,2,39.1497998046875,0
2021,8,21,23,2,40.9998000488281,0
2021,8,21,23,2,42.7997998046875,0
2021,8,21,23,2,44.6998000488281,0
2021,8,21,23,2,46.5497998046875,0
2021,8,21,23,2,48.3997998046875,0
2021,8,21,23,2,50.2498000488281,0
2021,8,21,23,2,52.0997998046875,0
2021,8,21,23,2,53.9498000488281,0
2021,8,21,23,2,55.7997998046875,0
2021,8,21,23,2,57.6497998046875,0
2021,8,21,23,2,59.4998000488281,0
2021,8,21,23,3,1.3497998046875,0
2021,8,21,23,3,3.19980004882812,0
2021,8,21,23,3,5.0497998046875,0
2021,8,21,23,3,6.8997998046875,0
2021,8,21,23,3,8.74980004882812,0
2021,8,21,23,3,10.5997998046875,0
2021,8,21,23,3,12.4498000488281,0
2021,8,21,23,3,14.3497998046875,0
2021,8,21,23,3,16.1497998046875,0
2021,8,21,23,3,17.9998000488281,0
2021,8,21,23,3,19.8497998046875,0
2021,8,21,23,3,21.6998000488281,0
2021,8,21,23,3,23.5497998046875,0
2021,8,21,23,3,25.3997998046875,0
2021,8,21,23,3,27.2498000488281,0
2021,8,21,23,3,29.0997998046875,0
2021,8,21,23,3,30.9498000488281,0
2021,8,21,23,3,32.7997998046875,0
2021,8,21,23,3,34.6497998046875,0
2021,8,21,23,3,36.4998000488281,0
2021,8,21,23,3,38.3497998046875,0
2021,8,21,23,3,40.1998000488281,0
2021,8,21,23,3,42.0997998046875,0
2021,8,21,23,3,43.8997998046875,0
2021,8,21,23,3,45.7498000488281,0
2021,8,21,23,3,47.6497998046875,0
2021,8,21,23,3,49.4498000488281,0
2021,8,21,23,3,51.2997998046875,0
2021,8,21,23,3,53.1497998046875,0
2021,8,21,23,3,54.9998000488281,0
2021,8,21,23,3,56.8497998046875,0
2021,8,21,23,3,58.6998000488281,0
2021,8,21,23,4,0.5497998046875,0
2021,8,21,23,4,2.3997998046875,0
2021,8,21,23,4,4.24980004882813,0
2021,8,21,23,4,6.1497998046875,0
2021,8,21,23,4,7.94980004882813,0
2021,8,21,23,4,9.7997998046875,0
2021,8,21,23,4,11.6497998046875,0
2021,8,21,23,4,13.4998000488281,0
2021,8,21,23,4,15.3497998046875,0
2021,8,21,23,4,17.1998000488281,0
2021,8,21,23,4,19.0497998046875,0
2021,8,21,23,4,20.8997998046875,0
2021,8,21,23,4,22.7498000488281,0
2021,8,21,23,4,24.5997998046875,0
2021,8,21,23,4,26.4498000488281,0
2021,8,21,23,4,28.2997998046875,0
2021,8,21,23,4,30.1497998046875,0
2021,8,21,23,4,31.9998000488281,0
2021,8,21,23,4,33.8497998046875,0
2021,8,21,23,4,35.6998000488281,0
2021,8,21,23,4,37.5497998046875,0
2021,8,21,23,4,35.6998000488281,0
2021,8,21,23,4,37.5497998046875,0
2021,8,21,23,4,39.3997998046875,0
2021,8,21,23,4,41.2498000488281,0
2021,8,21,23,4,43.0997998046875,0
2021,8,21,23,4,44.9498000488281,0
2021,8,21,23,4,46.7997998046875,0
2021,8,21,23,4,48.6497998046875,0
2021,8,21,23,4,50.4998000488281,0
2021,8,21,23,4,52.3497998046875,0
2021,8,21,23,4,54.1998000488281,0
2021,8,21,23,4,56.0497998046875,0
2021,8,21,23,4,57.8997998046875,0
2021,8,21,23,4,59.7498000488281,0
2021,8,21,23,5,1.5997998046875,0
2021,8,21,23,5,3.44980004882812,0
2021,8,21,23,5,5.2997998046875,0
2021,8,21,23,5,7.1497998046875,0
2021,8,21,23,5,8.99980004882812,0
2021,8,21,23,5,10.8497998046875,0
2021,8,21,23,5,12.6998000488281,0
2021,8,21,23,5,14.5497998046875,0
2021,8,21,23,5,16.3997998046875,0
2021,8,21,23,5,18.2498000488281,0
2021,8,21,23,5,20.0997998046875,0
2021,8,21,23,5,21.9498000488281,0
2021,8,21,23,5,23.7997998046875,0
2021,8,21,23,5,25.5497998046875,0
2021,8,21,23,5,27.2498000488281,0
2021,8,21,23,5,28.9998000488281,0
2021,8,21,23,5,30.7997998046875,0
2021,8,21,23,5,32.5997998046875,0
2021,8,21,23,5,34.4498000488281,0
2021,8,21,23,5,36.2997998046875,0
2021,8,21,23,5,38.1497998046875,0
2021,8,21,23,5,39.9998000488281,0
2021,8,21,23,5,41.8997998046875,0
2021,8,21,23,5,43.7498000488281,0
2021,8,21,23,5,45.5497998046875,0
2021,8,21,23,5,47.3997998046875,0
2021,8,21,23,5,49.2498000488281,0
2021,8,21,23,5,51.0997998046875,0
2021,8,21,23,5,52.9498000488281,0
2021,8,21,23,5,54.7997998046875,0
2021,8,21,23,5,56.6497998046875,0
2021,8,21,23,5,58.4998000488281,0
2021,8,21,23,6,0.3497998046875,0
2021,8,21,23,6,2.19980004882812,0
2021,8,21,23,6,4.0497998046875,0
2021,8,21,23,6,5.8997998046875,0
2021,8,21,23,6,7.74980004882813,0
2021,8,21,23,6,9.5997998046875,0
2021,8,21,23,6,11.4498000488281,0
2021,8,21,23,6,13.2997998046875,0
2021,8,21,23,6,15.1497998046875,0
2021,8,21,23,6,16.9998000488281,0
2021,8,21,23,6,18.8497998046875,0
2021,8,21,23,6,20.6998000488281,0
2021,8,21,23,6,22.5497998046875,0
2021,8,21,23,6,24.3997998046875,0
2021,8,21,23,6,26.2498000488281,0
2021,8,21,23,6,28.0997998046875,0
2021,8,21,23,6,29.9498000488281,0
2021,8,21,23,6,31.7997998046875,0
2021,8,21,23,6,33.6497998046875,0
2021,8,21,23,6,35.4998000488281,0
2021,8,21,23,6,37.3497998046875,0
2021,8,21,23,6,39.1998000488281,0
2021,8,21,23,6,41.0497998046875,0
2021,8,21,23,6,42.8997998046875,0
2021,8,21,23,6,44.7498000488281,0
2021,8,21,23,6,46.5997998046875,0
2021,8,21,23,6,48.4498000488281,0
2021,8,21,23,6,50.2997998046875,0
2021,8,21,23,6,52.1497998046875,0
2021,8,21,23,6,53.9998000488281,0
2021,8,21,23,6,55.8497998046875,0
2021,8,21,23,6,57.6998000488281,0
2021,8,21,23,6,59.5497998046875,0
2021,8,21,23,7,1.3997998046875,0
2021,8,21,23,7,3.24980004882813,0
2021,8,21,23,7,5.0997998046875,0
2021,8,21,23,7,6.94980004882813,0
2021,8,21,23,7,8.7997998046875,0
2021,8,21,23,7,10.6497998046875,0
2021,8,21,23,7,12.4998000488281,0
2021,8,21,23,7,14.3497998046875,0
2021,8,21,23,7,16.1998000488281,0
2021,8,21,23,7,18.0497998046875,0
2021,8,21,23,7,19.8997998046875,0
2021,8,21,23,7,21.7498000488281,0
2021,8,21,23,7,23.5997998046875,0
2021,8,21,23,7,25.4498000488281,0
2021,8,21,23,7,27.2997998046875,0
2021,8,21,23,7,29.1497998046875,0
2021,8,21,23,7,30.9998000488281,0
2021,8,21,23,7,32.8497998046875,0
2021,8,21,23,7,34.6998000488281,0
2021,8,21,23,7,36.5497998046875,0
2021,8,21,23,7,38.3997998046875,0
2021,8,21,23,7,40.2498000488281,0
2021,8,21,23,7,42.0997998046875,0
2021,8,21,23,7,43.9498000488281,0
2021,8,21,23,7,45.7997998046875,0
2021,8,21,23,7,47.6497998046875,0
2021,8,21,23,7,49.6497998046875,0
2021,8,21,23,7,51.6998000488281,0
2021,8,21,23,7,53.6998000488281,0
2021,8,21,23,7,55.6497998046875,0
2021,8,21,23,7,57.5497998046875,0
2021,8,21,23,7,59.3997998046875,0
2021,8,21,23,8,1.19980004882813,0
2021,8,21,23,8,3.0497998046875,0
2021,8,21,23,8,4.8497998046875,0
2021,8,21,23,8,6.69980004882813,0
2021,8,21,23,8,8.5497998046875,0
2021,8,21,23,8,10.3997998046875,0
2021,8,21,23,8,12.2498000488281,0
2021,8,21,23,8,14.0997998046875,0
2021,8,21,23,8,15.9498000488281,0
2021,8,21,23,8,17.7997998046875,0
2021,8,21,23,8,19.6497998046875,0
2021,8,21,23,8,21.4998000488281,0
2021,8,21,23,8,23.3497998046875,0
2021,8,21,23,8,25.1998000488281,0
2021,8,21,23,8,27.0497998046875,0
2021,8,21,23,8,28.8997998046875,0
2021,8,21,23,8,30.7498000488281,0
2021,8,21,23,8,32.5997998046875,0
2021,8,21,23,8,34.4498000488281,0
2021,8,21,23,8,36.2997998046875,0
2021,8,21,23,8,38.1497998046875,0
2021,8,21,23,8,39.9998000488281,0
2021,8,21,23,8,41.8497998046875,0
2021,8,21,23,8,43.6998000488281,0
2021,8,21,23,8,45.5497998046875,0
2021,8,21,23,8,47.3997998046875,0
2021,8,21,23,8,45.5497998046875,0
2021,8,21,23,8,47.3997998046875,0
2021,8,21,23,8,49.2498000488281,0
2021,8,21,23,8,51.0997998046875,0
2021,8,21,23,8,52.8997998046875,0
2021,8,21,23,8,54.7498000488281,0
2021,8,21,23,8,56.5997998046875,0
2021,8,21,23,8,58.4498000488281,0
2021,8,21,23,9,0.2997998046875,0
2021,8,21,23,9,2.1497998046875,0
2021,8,21,23,9,3.99980004882813,0
2021,8,21,23,9,5.8497998046875,0
2021,8,21,23,9,7.74980004882813,0
2021,8,21,23,9,9.5997998046875,0
2021,8,21,23,9,11.4498000488281,0
2021,8,21,23,9,13.2997998046875,0
2021,8,21,23,9,15.1497998046875,0
2021,8,21,23,9,16.9498000488281,0
2021,8,21,23,9,18.7997998046875,0
2021,8,21,23,9,20.6497998046875,0
2021,8,21,23,9,22.4998000488281,0
2021,8,21,23,9,24.3497998046875,0
2021,8,21,23,9,26.1998000488281,0
2021,8,21,23,9,28.0497998046875,0
2021,8,21,23,9,29.8997998046875,0
2021,8,21,23,9,31.7498000488281,0
2021,8,21,23,9,33.5997998046875,0
2021,8,21,23,9,35.4498000488281,0
2021,8,21,23,9,37.2997998046875,0
2021,8,21,23,9,39.1497998046875,0
2021,8,21,23,9,40.9998000488281,0
2021,8,21,23,9,42.8497998046875,0
2021,8,21,23,9,44.6998000488281,0
2021,8,21,23,9,46.5497998046875,0
2021,8,21,23,9,48.3997998046875,0
2021,8,21,23,9,50.2498000488281,0
2021,8,21,23,9,52.0997998046875,0
2021,8,21,23,9,53.9498000488281,0
2021,8,21,23,9,55.7997998046875,0
2021,8,21,23,9,57.6497998046875,0
2021,8,21,23,9,59.4998000488281,0
2021,8,21,23,10,1.3497998046875,0
2021,8,21,23,10,3.19980004882812,0
2021,8,21,23,10,5.0497998046875,0
2021,8,21,23,10,6.8997998046875,0
2021,8,21,23,10,8.7997998046875,0
2021,8,21,23,10,10.5997998046875,0
2021,8,21,23,10,12.4498000488281,0
2021,8,21,23,10,14.2997998046875,0
2021,8,21,23,10,16.1497998046875,0
2021,8,21,23,10,17.9998000488281,0
2021,8,21,23,10,19.8497998046875,0
2021,8,21,23,10,21.6998000488281,0
2021,8,21,23,10,23.5497998046875,0
2021,8,21,23,10,25.3997998046875,0
2021,8,21,23,10,27.2498000488281,0
2021,8,21,23,10,29.0997998046875,0
2021,8,21,23,10,30.9498000488281,0
2021,8,21,23,10,32.7997998046875,0
2021,8,21,23,10,34.6497998046875,0
2021,8,21,23,10,36.4998000488281,0
2021,8,21,23,10,38.3497998046875,0
2021,8,21,23,10,40.1998000488281,0
2021,8,21,23,10,42.0497998046875,0
2021,8,21,23,10,43.8997998046875,0
2021,8,21,23,10,45.7498000488281,0
2021,8,21,23,10,47.5997998046875,0
2021,8,21,23,10,49.4498000488281,0
2021,8,21,23,10,51.2997998046875,0
2021,8,21,23,10,53.1497998046875,0
2021,8,21,23,10,54.9998000488281,0
2021,8,21,23,10,56.8497998046875,0
2021,8,21,23,10,58.6998000488281,0
2021,8,21,23,11,0.5497998046875,0
2021,8,21,23,11,2.3997998046875,0
2021,8,21,23,11,4.24980004882813,0
2021,8,21,23,11,6.0997998046875,0
2021,8,21,23,11,7.94980004882813,0
2021,8,21,23,11,9.7997998046875,0
2021,8,21,23,11,11.6497998046875,0
2021,8,21,23,11,13.4998000488281,0
2021,8,21,23,11,15.3497998046875,0
2021,8,21,23,11,17.1998000488281,0
2021,8,21,23,11,19.0497998046875,0
2021,8,21,23,11,20.8997998046875,0
2021,8,21,23,11,22.7498000488281,0
2021,8,21,23,11,24.5997998046875,0
2021,8,21,23,11,26.4498000488281,0
2021,8,21,23,11,28.2997998046875,0
2021,8,21,23,11,30.1497998046875,0
2021,8,21,23,11,31.9998000488281,0
2021,8,21,23,11,33.8497998046875,0
2021,8,21,23,11,35.6998000488281,0
2021,8,21,23,11,37.5497998046875,0
2021,8,21,23,11,39.3997998046875,0
2021,8,21,23,11,41.2498000488281,0
2021,8,21,23,11,43.0997998046875,0
2021,8,21,23,11,44.9498000488281,0
2021,8,21,23,11,46.7997998046875,0
2021,8,21,23,11,48.6497998046875,0
2021,8,21,23,11,50.4998000488281,0
2021,8,21,23,11,52.3497998046875,0
2021,8,21,23,11,54.1998000488281,0
2021,8,21,23,11,56.0497998046875,0
2021,8,21,23,11,57.8997998046875,0
2021,8,21,23,11,59.7498000488281,0
2021,8,21,23,12,1.5997998046875,0
2021,8,21,23,12,3.44980004882812,0
2021,8,21,23,12,5.2997998046875,0
2021,8,21,23,12,7.1497998046875,0
2021,8,21,23,12,8.99980004882812,0
2021,8,21,23,12,10.8497998046875,0
2021,8,21,23,12,12.6998000488281,0
2021,8,21,23,12,14.5497998046875,0
2021,8,21,23,12,16.3997998046875,0
2021,8,21,23,12,18.2498000488281,0
2021,8,21,23,12,20.0997998046875,0
2021,8,21,23,12,21.9498000488281,0
2021,8,21,23,12,23.7997998046875,0
2021,8,21,23,12,25.6497998046875,0
2021,8,21,23,12,27.4998000488281,0
2021,8,21,23,12,29.3497998046875,0
2021,8,21,23,12,31.1998000488281,0
2021,8,21,23,12,33.0497998046875,0
2021,8,21,23,12,34.8997998046875,0
2021,8,21,23,12,36.7498000488281,0
2021,8,21,23,12,38.5997998046875,0
2021,8,21,23,12,55.2498000488281,0
2021,8,21,23,12,57.0997998046875,0
2021,8,21,23,12,58.9498000488281,0
2021,8,21,23,13,0.7997998046875,0
2021,8,21,23,13,2.6497998046875,0
2021,8,21,23,13,4.49980004882813,0
2021,8,21,23,13,6.3497998046875,0
2021,8,21,23,13,8.19980004882813,0
2021,8,21,23,13,10.0497998046875,0
2021,8,21,23,13,11.8997998046875,0
2021,8,21,23,13,13.7498000488281,0
2021,8,21,23,13,15.5997998046875,0
2021,8,21,23,13,17.4498000488281,0
2021,8,21,23,13,19.2997998046875,0
2021,8,21,23,13,21.1497998046875,0
2021,8,21,23,13,22.9998000488281,0
2021,8,21,23,13,24.8497998046875,0
2021,8,21,23,13,26.6998000488281,0
2021,8,21,23,13,28.5497998046875,0
2021,8,21,23,13,30.3997998046875,0
2021,8,21,23,13,32.2498000488281,0
2021,8,21,23,13,34.0997998046875,0
2021,8,21,23,13,35.9498000488281,0
2021,8,21,23,13,37.7997998046875,0
2021,8,21,23,13,39.6497998046875,0
2021,8,21,23,13,41.4998000488281,0
2021,8,21,23,13,43.3497998046875,0
2021,8,21,23,13,45.1998000488281,0
2021,8,21,23,13,47.0497998046875,0
2021,8,21,23,13,48.8997998046875,0
2021,8,21,23,13,50.7498000488281,0
2021,8,21,23,13,52.5997998046875,0
2021,8,21,23,13,54.4498000488281,0
2021,8,21,23,13,56.2997998046875,0
2021,8,21,23,13,58.1497998046875,0
2021,8,21,23,13,59.9998000488281,0
2021,8,21,23,14,1.8497998046875,0
2021,8,21,23,14,3.69980004882812,0
2021,8,21,23,14,5.5497998046875,0
2021,8,21,23,14,7.3997998046875,0
2021,8,21,23,14,9.24980004882812,0
2021,8,21,23,14,11.0997998046875,0
2021,8,21,23,14,12.9498000488281,0
2021,8,21,23,14,14.7997998046875,0
2021,8,21,23,14,16.6497998046875,0
2021,8,21,23,14,18.4998000488281,0
2021,8,21,23,14,20.3497998046875,0
2021,8,21,23,14,22.1998000488281,0
2021,8,21,23,14,24.0497998046875,0
2021,8,21,23,14,25.8997998046875,0
2021,8,21,23,14,27.7498000488281,0
2021,8,21,23,14,29.5997998046875,0
2021,8,21,23,14,31.4498000488281,0
2021,8,21,23,14,33.2997998046875,0
2021,8,21,23,14,35.1497998046875,0
2021,8,21,23,14,36.9998000488281,0
2021,8,21,23,14,38.8497998046875,0
2021,8,21,23,14,40.6998000488281,0
2021,8,21,23,14,42.5497998046875,0
2021,8,21,23,14,44.3997998046875,0
2021,8,21,23,14,46.2498000488281,0
2021,8,21,23,14,48.0997998046875,0
2021,8,21,23,14,49.9498000488281,0
2021,8,21,23,14,51.7997998046875,0
2021,8,21,23,14,53.6497998046875,0
2021,8,21,23,14,55.4998000488281,0
2021,8,21,23,14,57.3497998046875,0
2021,8,21,23,14,59.1998000488281,0
2021,8,21,23,15,1.0497998046875,0
2021,8,21,23,15,2.8997998046875,0
2021,8,21,23,15,4.74980004882813,0
2021,8,21,23,15,6.5997998046875,0
2021,8,21,23,15,8.44980004882813,0
2021,8,21,23,15,10.2997998046875,0
2021,8,21,23,15,12.1497998046875,0
2021,8,21,23,15,13.9998000488281,0
2021,8,21,23,15,15.8497998046875,0
2021,8,21,23,15,17.6998000488281,0
2021,8,21,23,15,19.5497998046875,0
2021,8,21,23,15,21.3997998046875,0
2021,8,21,23,15,23.2498000488281,0
2021,8,21,23,15,25.0997998046875,0
2021,8,21,23,15,26.9498000488281,0
2021,8,21,23,15,28.7997998046875,0
2021,8,21,23,15,30.6497998046875,0
2021,8,21,23,15,32.4998000488281,0
2021,8,21,23,15,34.3497998046875,0
2021,8,21,23,15,36.1998000488281,0
2021,8,21,23,15,38.0497998046875,0
2021,8,21,23,15,39.8997998046875,0
2021,8,21,23,15,41.7498000488281,0
2021,8,21,23,15,43.5997998046875,0
2021,8,21,23,15,45.4498000488281,0
2021,8,21,23,15,47.2997998046875,0
2021,8,21,23,15,49.1497998046875,0
2021,8,21,23,15,50.9998000488281,0
2021,8,21,23,15,52.8497998046875,0
2021,8,21,23,15,54.6998000488281,0
2021,8,21,23,15,56.5497998046875,0
2021,8,21,23,15,58.3997998046875,0
2021,8,21,23,16,0.249800048828125,0
2021,8,21,23,16,2.0997998046875,0
2021,8,21,23,16,3.94980004882812,0
2021,8,21,23,16,5.7997998046875,0
2021,8,21,23,16,7.6497998046875,0
2021,8,21,23,16,9.49980004882812,0
2021,8,21,23,16,11.3497998046875,0
2021,8,21,23,16,13.1998000488281,0
2021,8,21,23,16,15.0497998046875,0
2021,8,21,23,16,16.8997998046875,0
2021,8,21,23,16,18.7498000488281,0
2021,8,21,23,16,20.5997998046875,0
2021,8,21,23,16,22.4498000488281,0
2021,8,21,23,16,24.2997998046875,0
2021,8,21,23,16,26.1497998046875,0
2021,8,21,23,16,27.9998000488281,0
2021,8,21,23,16,29.8497998046875,0
2021,8,21,23,16,31.6998000488281,0
2021,8,21,23,16,33.5497998046875,0
2021,8,21,23,16,35.3997998046875,0
2021,8,21,23,16,37.2498000488281,0
2021,8,21,23,16,39.0997998046875,0
2021,8,21,23,16,40.9498000488281,0
2021,8,21,23,16,42.7997998046875,0
2021,8,21,23,16,44.6497998046875,0
2021,8,21,23,16,46.4998000488281,0
2021,8,21,23,16,48.3497998046875,0
2021,8,21,23,16,50.1998000488281,0
2021,8,21,23,16,52.0497998046875,0
2021,8,21,23,16,53.8997998046875,0
2021,8,21,23,16,55.7498000488281,0
2021,8,21,23,16,57.5997998046875,0
2021,8,21,23,16,59.4498000488281,0
2021,8,21,23,17,1.2997998046875,0
2021,8,21,23,17,3.1497998046875,0
2021,8,21,23,17,4.99980004882813,0
2021,8,21,23,17,6.8497998046875,0
2021,8,21,23,17,6.8497998046875,0
2021,8,21,23,17,8.69980004882813,0
2021,8,21,23,17,10.5497998046875,0
2021,8,21,23,17,12.3997998046875,0
2021,8,21,23,17,14.2498000488281,0
2021,8,21,23,17,16.0997998046875,0
2021,8,21,23,17,17.9498000488281,0
2021,8,21,23,17,19.7997998046875,0
2021,8,21,23,17,21.6497998046875,0
2021,8,21,23,17,23.4998000488281,0
2021,8,21,23,17,25.3497998046875,0
2021,8,21,23,17,27.1998000488281,0
2021,8,21,23,17,29.0497998046875,0
2021,8,21,23,17,30.8997998046875,0
2021,8,21,23,17,32.7498000488281,0
2021,8,21,23,17,34.5997998046875,0
2021,8,21,23,17,36.4498000488281,0
2021,8,21,23,17,38.2997998046875,0
2021,8,21,23,17,40.1497998046875,0
2021,8,21,23,17,41.9998000488281,0
2021,8,21,23,17,43.8497998046875,0
2021,8,21,23,17,45.6998000488281,0
2021,8,21,23,17,47.5497998046875,0
2021,8,21,23,17,49.3997998046875,0
2021,8,21,23,17,51.2498000488281,0
2021,8,21,23,17,53.0997998046875,0
2021,8,21,23,17,54.9498000488281,0
2021,8,21,23,17,56.7997998046875,0
2021,8,21,23,17,58.6497998046875,0
2021,8,21,23,18,0.499800048828125,0
2021,8,21,23,18,2.3497998046875,0
2021,8,21,23,18,4.19980004882813,0
2021,8,21,23,18,6.0497998046875,0
2021,8,21,23,18,7.8997998046875,0
2021,8,21,23,18,9.74980004882812,0
2021,8,21,23,18,11.5997998046875,0
2021,8,21,23,18,13.4498000488281,0
2021,8,21,23,18,15.2997998046875,0
2021,8,21,23,18,17.1497998046875,0
2021,8,21,23,18,18.9998000488281,0
2021,8,21,23,18,20.8497998046875,0
2021,8,21,23,18,22.6998000488281,0
2021,8,21,23,18,24.5497998046875,0
2021,8,21,23,18,26.3997998046875,0
2021,8,21,23,18,28.2498000488281,0
2021,8,21,23,18,30.0997998046875,0
2021,8,21,23,18,31.9498000488281,0
2021,8,21,23,18,33.7997998046875,0
2021,8,21,23,18,35.6497998046875,0
2021,8,21,23,18,37.4998000488281,0
2021,8,21,23,18,39.3497998046875,0
2021,8,21,23,18,41.1998000488281,0
2021,8,21,23,18,43.0497998046875,0
2021,8,21,23,18,44.8997998046875,0
2021,8,21,23,18,46.7498000488281,0
2021,8,21,23,18,48.5997998046875,0
2021,8,21,23,18,50.4498000488281,0
2021,8,21,23,18,52.2997998046875,0
2021,8,21,23,18,54.1497998046875,0
2021,8,21,23,18,55.9998000488281,0
2021,8,21,23,18,57.8497998046875,0
2021,8,21,23,18,59.5497998046875,0
2021,8,21,23,19,1.24980004882813,0
2021,8,21,23,19,2.99980004882813,0
2021,8,21,23,19,4.7997998046875,0
2021,8,21,23,19,6.6497998046875,0
2021,8,21,23,19,8.44980004882813,0
2021,8,21,23,19,10.3497998046875,0
2021,8,21,23,19,12.1998000488281,0
2021,8,21,23,19,14.0497998046875,0
2021,8,21,23,19,15.8997998046875,0
2021,8,21,23,19,17.7498000488281,0
2021,8,21,23,19,19.5997998046875,0
2021,8,21,23,19,21.4498000488281,0
2021,8,21,23,19,23.3497998046875,0
2021,8,21,23,19,25.1497998046875,0
2021,8,21,23,19,27.0497998046875,0
2021,8,21,23,19,28.8497998046875,0
2021,8,21,23,19,30.6998000488281,0
2021,8,21,23,19,32.5997998046875,0
2021,8,21,23,19,34.4498000488281,0
2021,8,21,23,19,36.2997998046875,0
2021,8,21,23,19,38.1497998046875,0
2021,8,21,23,19,39.9998000488281,0
2021,8,21,23,19,41.8497998046875,0
2021,8,21,23,19,43.6998000488281,0
2021,8,21,23,19,45.5497998046875,0
2021,8,21,23,19,47.3997998046875,0
2021,8,21,23,19,49.2498000488281,0
2021,8,21,23,19,51.0997998046875,0
2021,8,21,23,19,52.9498000488281,0
2021,8,21,23,19,54.7997998046875,0
2021,8,21,23,19,56.6497998046875,0
2021,8,21,23,19,58.4998000488281,0
2021,8,21,23,20,0.3497998046875,0
2021,8,21,23,20,2.19980004882812,0
2021,8,21,23,20,4.0497998046875,0
2021,8,21,23,20,5.8997998046875,0
2021,8,21,23,20,7.74980004882813,0
2021,8,21,23,20,9.5997998046875,0
2021,8,21,23,20,11.4498000488281,0
2021,8,21,23,20,13.2997998046875,0
2021,8,21,23,20,15.1497998046875,0
2021,8,21,23,20,16.9998000488281,0
2021,8,21,23,20,18.8497998046875,0
2021,8,21,23,20,20.6998000488281,0
2021,8,21,23,20,22.5497998046875,0
2021,8,21,23,20,24.3997998046875,0
2021,8,21,23,20,26.2498000488281,0
2021,8,21,23,20,28.0997998046875,0
2021,8,21,23,20,29.9498000488281,0
2021,8,21,23,20,31.7997998046875,0
2021,8,21,23,20,33.6497998046875,0
2021,8,21,23,20,35.4998000488281,0
2021,8,21,23,20,37.3497998046875,0
2021,8,21,23,20,39.1998000488281,0
2021,8,21,23,20,41.0497998046875,0
2021,8,21,23,20,42.8997998046875,0
2021,8,21,23,20,44.7498000488281,0
2021,8,21,23,20,46.5997998046875,0
2021,8,21,23,20,48.4498000488281,0
2021,8,21,23,20,50.2997998046875,0
2021,8,21,23,20,52.1497998046875,0
2021,8,21,23,20,53.9998000488281,0
2021,8,21,23,20,55.8497998046875,0
2021,8,21,23,20,57.6998000488281,0
2021,8,21,23,20,59.5497998046875,0
2021,8,21,23,21,1.3997998046875,0
2021,8,21,23,21,3.24980004882813,0
2021,8,21,23,21,5.1497998046875,0
2021,8,21,23,21,7.0997998046875,0
2021,8,21,23,21,9.0497998046875,0
2021,8,21,23,21,10.9998000488281,0
2021,8,21,23,21,12.8997998046875,0
2021,8,21,23,21,14.8497998046875,0
2021,8,21,23,21,16.7997998046875,0
2021,8,21,23,21,16.7997998046875,0
2021,8,21,23,21,18.6998000488281,0
2021,8,21,23,21,20.5497998046875,0
2021,8,21,23,21,22.3997998046875,0
2021,8,21,23,21,24.1497998046875,0
2021,8,21,23,21,25.9498000488281,0
2021,8,21,23,21,27.7498000488281,0
2021,8,21,23,21,29.5997998046875,0
2021,8,21,23,21,31.4498000488281,0
2021,8,21,23,21,33.2997998046875,0
2021,8,21,23,21,35.1497998046875,0
2021,8,21,23,21,36.9998000488281,0
2021,8,21,23,21,38.8497998046875,0
2021,8,21,23,21,40.6497998046875,0
2021,8,21,23,21,42.4998000488281,0
2021,8,21,23,21,44.3497998046875,0
2021,8,21,23,21,46.1998000488281,0
2021,8,21,23,21,48.0497998046875,0
2021,8,21,23,21,49.8497998046875,0
2021,8,21,23,21,51.6998000488281,0
2021,8,21,23,21,53.5497998046875,0
2021,8,21,23,21,55.4498000488281,0
2021,8,21,23,21,57.2997998046875,0
2021,8,21,23,21,59.1497998046875,0
2021,8,21,23,22,0.999800048828125,0
2021,8,21,23,22,2.8497998046875,0
2021,8,21,23,22,4.69980004882813,0
2021,8,21,23,22,6.5497998046875,0
2021,8,21,23,22,8.3997998046875,0
2021,8,21,23,22,10.2498000488281,0
2021,8,21,23,22,12.0997998046875,0
2021,8,21,23,22,13.9498000488281,0
2021,8,21,23,22,15.7997998046875,0
2021,8,21,23,22,17.6497998046875,0
2021,8,21,23,22,19.4998000488281,0
2021,8,21,23,22,21.3497998046875,0
2021,8,21,23,22,23.1998000488281,0
2021,8,21,23,22,25.0497998046875,0
2021,8,21,23,22,26.8997998046875,0
2021,8,21,23,22,28.7498000488281,0
2021,8,21,23,22,30.5997998046875,0
2021,8,21,23,22,32.4498000488281,0
2021,8,21,23,22,34.2997998046875,0
2021,8,21,23,22,36.1497998046875,0
2021,8,21,23,22,37.9998000488281,0
2021,8,21,23,22,39.8497998046875,0
2021,8,21,23,22,41.6998000488281,0
2021,8,21,23,22,43.5497998046875,0
2021,8,21,23,22,45.3997998046875,0
2021,8,21,23,22,47.1998000488281,0
2021,8,21,23,22,49.0997998046875,0
2021,8,21,23,22,50.9498000488281,0
2021,8,21,23,22,52.7997998046875,0
2021,8,21,23,22,54.6497998046875,0
2021,8,21,23,22,56.4998000488281,1
2021,8,21,23,22,58.2997998046875,1
2021,8,21,23,23,0.199800048828125,1
2021,8,21,23,23,2.0497998046875,1
2021,8,21,23,23,3.8997998046875,1
2021,8,21,23,23,5.74980004882813,1
2021,8,21,23,23,7.5997998046875,1
2021,8,21,23,23,9.44980004882813,1
2021,8,21,23,23,11.2997998046875,1
2021,8,21,23,23,13.1497998046875,1
2021,8,21,23,23,14.9998000488281,1
2021,8,21,23,23,16.8497998046875,1
2021,8,21,23,23,18.6998000488281,1
2021,8,21,23,23,20.5497998046875,1
2021,8,21,23,23,22.3997998046875,0
2021,8,21,23,23,24.2498000488281,0
2021,8,21,23,23,26.0997998046875,0
2021,8,21,23,23,27.9498000488281,0
2021,8,21,23,23,29.7997998046875,0
2021,8,21,23,23,31.6497998046875,1
2021,8,21,23,23,33.5497998046875,1
2021,8,21,23,23,35.3997998046875,1
2021,8,21,23,23,37.2498000488281,2
2021,8,21,23,23,39.1497998046875,2
2021,8,21,23,23,40.9998000488281,2
2021,8,21,23,23,42.8497998046875,2
2021,8,21,23,23,44.6998000488281,2
2021,8,21,23,23,46.5497998046875,2
2021,8,21,23,23,48.3997998046875,2
2021,8,21,23,23,50.2498000488281,2
2021,8,21,23,23,52.0997998046875,2
2021,8,21,23,23,53.8997998046875,2
2021,8,21,23,23,55.7498000488281,2
2021,8,21,23,23,57.5997998046875,2
2021,8,21,23,23,59.4498000488281,2
2021,8,21,23,24,1.2997998046875,2
2021,8,21,23,24,3.1497998046875,2
2021,8,21,23,24,4.99980004882813,2
2021,8,21,23,24,6.8497998046875,2
2021,8,21,23,24,8.69980004882813,2
2021,8,21,23,24,10.5497998046875,2
2021,8,21,23,24,12.3497998046875,2
2021,8,21,23,24,14.1998000488281,2
2021,8,21,23,24,16.0497998046875,2
2021,8,21,23,24,17.8997998046875,2
2021,8,21,23,24,19.7498000488281,1
2021,8,21,23,24,21.5997998046875,1
2021,8,21,23,24,23.4498000488281,1
2021,8,21,23,24,25.2997998046875,1
2021,8,21,23,24,27.1497998046875,1
2021,8,21,23,24,28.9998000488281,1
2021,8,21,23,24,30.8497998046875,1
2021,8,21,23,24,32.6998000488281,1
2021,8,21,23,24,34.5497998046875,1
2021,8,21,23,24,36.3997998046875,1
2021,8,21,23,24,38.2498000488281,1
2021,8,21,23,24,40.0997998046875,1
2021,8,21,23,24,41.9498000488281,1
2021,8,21,23,24,43.7997998046875,1
2021,8,21,23,24,45.6497998046875,0
2021,8,21,23,24,47.4998000488281,1
2021,8,21,23,24,49.3497998046875,1
2021,8,21,23,24,51.1998000488281,1
2021,8,21,23,24,53.0497998046875,1
2021,8,21,23,24,54.8997998046875,1
2021,8,21,23,24,56.7498000488281,1
2021,8,21,23,24,58.5997998046875,1
2021,8,21,23,25,26.3997998046875,2
2021,8,21,23,25,28.2498000488281,2
2021,8,21,23,25,30.0497998046875,2
2021,8,21,23,25,31.8997998046875,2
2021,8,21,23,25,33.7498000488281,2
2021,8,21,23,25,35.5997998046875,2
2021,8,21,23,25,37.4498000488281,2
2021,8,21,23,25,39.2997998046875,2
2021,8,21,23,25,41.1497998046875,2
2021,8,21,23,25,42.9998000488281,2
2021,8,21,23,25,44.8497998046875,2
2021,8,21,23,25,46.6998000488281,2
2021,8,21,23,25,48.5497998046875,1
2021,8,21,23,25,50.3997998046875,1
2021,8,21,23,25,52.2498000488281,1
2021,8,21,23,25,54.0997998046875,1
2021,8,21,23,25,55.9498000488281,1
2021,8,21,23,25,57.7997998046875,1
2021,8,21,23,25,59.6497998046875,1
2021,8,21,23,26,1.49980004882813,1
2021,8,21,23,26,3.3497998046875,1
2021,8,21,23,26,5.19980004882813,1
2021,8,21,23,26,7.0497998046875,1
2021,8,21,23,26,8.8997998046875,1
2021,8,21,23,26,10.7498000488281,1
2021,8,21,23,26,12.5997998046875,1
2021,8,21,23,26,14.4498000488281,1
2021,8,21,23,26,16.2997998046875,1
2021,8,21,23,26,18.1497998046875,1
2021,8,21,23,26,19.9998000488281,1
2021,8,21,23,26,21.8497998046875,1
2021,8,21,23,26,23.6998000488281,1
2021,8,21,23,26,25.5497998046875,1
2021,8,21,23,26,27.3997998046875,1
2021,8,21,23,26,29.2498000488281,1
2021,8,21,23,26,31.0997998046875,1
2021,8,21,23,26,32.9498000488281,1
2021,8,21,23,26,34.7997998046875,1
2021,8,21,23,26,36.6497998046875,1
2021,8,21,23,26,38.4998000488281,1
2021,8,21,23,26,40.3497998046875,1
2021,8,21,23,26,42.1998000488281,1
2021,8,21,23,26,44.0497998046875,1
2021,8,21,23,26,45.8997998046875,1
2021,8,21,23,26,47.7498000488281,1
2021,8,21,23,26,49.5997998046875,1
2021,8,21,23,26,51.4498000488281,1
2021,8,21,23,26,53.2997998046875,1
2021,8,21,23,26,55.1497998046875,1
2021,8,21,23,26,56.9998000488281,1
2021,8,21,23,26,58.8497998046875,1
2021,8,21,23,27,0.699800048828125,1
2021,8,21,23,27,2.5497998046875,1
2021,8,21,23,27,4.3997998046875,1
2021,8,21,23,27,6.24980004882813,1
2021,8,21,23,27,8.0997998046875,1
2021,8,21,23,27,9.94980004882813,1
2021,8,21,23,27,11.7997998046875,1
2021,8,21,23,27,13.6497998046875,1
2021,8,21,23,27,15.4998000488281,1
2021,8,21,23,27,17.3497998046875,1
2021,8,21,23,27,19.1998000488281,1
2021,8,21,23,27,21.0497998046875,1
2021,8,21,23,27,22.8997998046875,1
2021,8,21,23,27,24.7498000488281,1
2021,8,21,23,27,26.5997998046875,1
2021,8,21,23,27,28.4498000488281,1
2021,8,21,23,27,30.2997998046875,1
2021,8,21,23,27,32.1497998046875,1
2021,8,21,23,27,33.9998000488281,1
2021,8,21,23,27,35.8497998046875,1
2021,8,21,23,27,37.6998000488281,1
2021,8,21,23,27,39.5497998046875,1
2021,8,21,23,27,41.3997998046875,1
2021,8,21,23,27,43.2498000488281,1
2021,8,21,23,27,45.0997998046875,1
2021,8,21,23,27,46.9498000488281,1
2021,8,21,23,27,48.7997998046875,1
2021,8,21,23,27,50.6497998046875,1
2021,8,21,23,27,52.4998000488281,1
2021,8,21,23,27,54.3497998046875,1
2021,8,21,23,27,56.1998000488281,1
2021,8,21,23,27,58.0497998046875,1
2021,8,21,23,27,59.8997998046875,1
2021,8,21,23,28,1.74980004882813,1
2021,8,21,23,28,3.5997998046875,1
2021,8,21,23,28,5.44980004882813,1
2021,8,21,23,28,7.2997998046875,1
2021,8,21,23,28,9.1497998046875,1
2021,8,21,23,28,10.9998000488281,1
2021,8,21,23,28,12.8497998046875,1
2021,8,21,23,28,14.6998000488281,1
2021,8,21,23,28,16.5497998046875,1
2021,8,21,23,28,18.3997998046875,1
2021,8,21,23,28,20.2498000488281,1
2021,8,21,23,28,22.0997998046875,1
2021,8,21,23,28,23.9498000488281,1
2021,8,21,23,28,25.7997998046875,1
2021,8,21,23,28,27.6497998046875,1
2021,8,21,23,28,29.4998000488281,1
2021,8,21,23,28,31.3497998046875,1
2021,8,21,23,28,33.1998000488281,1
2021,8,21,23,28,35.0497998046875,1
2021,8,21,23,28,36.8997998046875,1
2021,8,21,23,28,38.7498000488281,1
2021,8,21,23,28,40.5997998046875,1
2021,8,21,23,28,42.4498000488281,1
2021,8,21,23,28,44.2997998046875,1
2021,8,21,23,28,46.1497998046875,1
2021,8,21,23,28,47.9998000488281,1
2021,8,21,23,28,49.8497998046875,1
2021,8,21,23,28,51.6998000488281,1
2021,8,21,23,28,53.5497998046875,1
2021,8,21,23,28,55.3997998046875,1
2021,8,21,23,28,57.2498000488281,1
2021,8,21,23,28,59.0997998046875,1
2021,8,21,23,29,0.949800048828125,1
2021,8,21,23,29,2.7997998046875,1
2021,8,21,23,29,4.6497998046875,1
2021,8,21,23,29,6.49980004882813,1
2021,8,21,23,29,8.3497998046875,1
2021,8,21,23,29,10.1998000488281,1
2021,8,21,23,29,12.0497998046875,1
2021,8,21,23,29,13.8997998046875,1
2021,8,21,23,29,15.7498000488281,1
2021,8,21,23,29,17.5997998046875,1
2021,8,21,23,29,19.4498000488281,1
2021,8,21,23,29,21.2997998046875,1
2021,8,21,23,29,23.1497998046875,1
2021,8,21,23,29,24.9998000488281,1
2021,8,21,23,29,26.8497998046875,1
2021,8,21,23,29,28.6998000488281,1
2021,8,21,23,29,30.5497998046875,1
2021,8,21,23,29,32.3997998046875,1
2021,8,21,23,29,34.2498000488281,1
2021,8,21,23,29,36.0997998046875,1
2021,8,21,23,29,36.0997998046875,1
2021,8,21,23,29,37.9498000488281,1
2021,8,21,23,29,39.7997998046875,1
2021,8,21,23,29,41.6497998046875,1
2021,8,21,23,29,43.4998000488281,1
2021,8,21,23,29,45.3497998046875,1
2021,8,21,23,29,47.1998000488281,1
2021,8,21,23,29,49.0497998046875,1
2021,8,21,23,29,50.8997998046875,1
2021,8,21,23,29,52.7498000488281,1
2021,8,21,23,29,54.5997998046875,1
2021,8,21,23,29,56.4498000488281,1
2021,8,21,23,29,58.2997998046875,1
2021,8,21,23,30,0.1497998046875,1
2021,8,21,23,30,1.99980004882813,1
2021,8,21,23,30,3.8497998046875,1
2021,8,21,23,30,5.69980004882813,1
2021,8,21,23,30,7.5497998046875,1
2021,8,21,23,30,9.3997998046875,1
2021,8,21,23,30,11.2498000488281,1
2021,8,21,23,30,13.0997998046875,1
2021,8,21,23,30,14.9498000488281,1
2021,8,21,23,30,16.7997998046875,1
2021,8,21,23,30,18.6497998046875,1
2021,8,21,23,30,20.4998000488281,1
2021,8,21,23,30,22.3497998046875,1
2021,8,21,23,30,24.1998000488281,1
2021,8,21,23,30,26.0497998046875,1
2021,8,21,23,30,27.8997998046875,1
2021,8,21,23,30,29.7498000488281,1
2021,8,21,23,30,31.5997998046875,1
2021,8,21,23,30,33.4498000488281,1
2021,8,21,23,30,35.2997998046875,1
2021,8,21,23,30,37.1497998046875,1
2021,8,21,23,30,38.9998000488281,1
2021,8,21,23,30,40.8497998046875,1
2021,8,21,23,30,42.6998000488281,1
2021,8,21,23,30,44.5497998046875,1
2021,8,21,23,30,46.3997998046875,1
2021,8,21,23,30,48.2498000488281,1
2021,8,21,23,30,50.0997998046875,1
2021,8,21,23,30,51.9498000488281,1
2021,8,21,23,30,53.7997998046875,1
2021,8,21,23,30,55.6497998046875,1
2021,8,21,23,30,57.4998000488281,1
2021,8,21,23,30,59.3497998046875,1
2021,8,21,23,31,1.19980004882813,1
2021,8,21,23,31,3.0497998046875,1
2021,8,21,23,31,4.8997998046875,1
2021,8,21,23,31,6.74980004882813,1
2021,8,21,23,31,8.5997998046875,1
2021,8,21,23,31,10.4498000488281,1
2021,8,21,23,31,12.2997998046875,1
2021,8,21,23,31,14.1497998046875,1
2021,8,21,23,31,15.9998000488281,1
2021,8,21,23,31,17.8497998046875,1
2021,8,21,23,31,19.6998000488281,1
2021,8,21,23,31,21.5497998046875,1
2021,8,21,23,31,23.3997998046875,1
2021,8,21,23,31,25.2498000488281,1
2021,8,21,23,31,27.0997998046875,1
2021,8,21,23,31,28.9498000488281,1
2021,8,21,23,31,30.7997998046875,1
2021,8,21,23,31,32.6497998046875,1
2021,8,21,23,31,34.4998000488281,1
2021,8,21,23,31,36.3497998046875,1
2021,8,21,23,31,38.1998000488281,1
2021,8,21,23,31,40.0497998046875,1
2021,8,21,23,31,41.8997998046875,1
2021,8,21,23,31,43.7498000488281,1
2021,8,21,23,31,45.5997998046875,1
2021,8,21,23,31,47.4498000488281,1
2021,8,21,23,31,49.2997998046875,1
2021,8,21,23,31,51.1998000488281,2
2021,8,21,23,31,52.9998000488281,2
2021,8,21,23,31,54.8497998046875,2
2021,8,21,23,31,56.6998000488281,2
2021,8,21,23,31,58.4998000488281,2
2021,8,21,23,32,0.3497998046875,2
2021,8,21,23,32,2.19980004882812,2
2021,8,21,23,32,4.0997998046875,2
2021,8,21,23,32,5.94980004882813,2
2021,8,21,23,32,7.7997998046875,2
2021,8,21,23,32,9.69980004882813,2
2021,8,21,23,32,11.4998000488281,2
2021,8,21,23,32,13.3497998046875,2
2021,8,21,23,32,15.1998000488281,2
2021,8,21,23,32,17.0497998046875,2
2021,8,21,23,32,18.8997998046875,2
2021,8,21,23,32,20.7498000488281,2
2021,8,21,23,32,22.5997998046875,2
2021,8,21,23,32,24.4498000488281,2
2021,8,21,23,32,26.2997998046875,2
2021,8,21,23,32,28.1497998046875,2
2021,8,21,23,32,29.9998000488281,2
2021,8,21,23,32,31.8497998046875,2
2021,8,21,23,32,33.6998000488281,2
2021,8,21,23,32,35.5497998046875,2
2021,8,21,23,32,37.3997998046875,2
2021,8,21,23,32,39.2498000488281,2
2021,8,21,23,32,41.0997998046875,2
2021,8,21,23,32,42.9498000488281,2
2021,8,21,23,32,44.7997998046875,2
2021,8,21,23,32,46.6497998046875,2
2021,8,21,23,32,48.4998000488281,2
2021,8,21,23,32,50.3497998046875,2
2021,8,21,23,32,52.1998000488281,2
2021,8,21,23,32,54.0997998046875,2
2021,8,21,23,32,56.0497998046875,2
2021,8,21,23,32,57.9998000488281,2
2021,8,21,23,32,59.8997998046875,2
2021,8,21,23,33,1.8497998046875,2
2021,8,21,23,33,4.3497998046875,2
2021,8,21,23,33,6.19980004882813,2
2021,8,21,23,33,8.0497998046875,2
2021,8,21,23,33,9.94980004882813,2
2021,8,21,23,33,11.7498000488281,2
2021,8,21,23,33,13.5997998046875,2
2021,8,21,23,33,15.4498000488281,2
2021,8,21,23,33,17.2997998046875,2
2021,8,21,23,33,19.1497998046875,2
2021,8,21,23,33,20.9998000488281,2
2021,8,21,23,33,22.8497998046875,2
2021,8,21,23,33,24.6998000488281,2
2021,8,21,23,33,26.5497998046875,2
2021,8,21,23,33,28.3997998046875,2
2021,8,21,23,33,30.2498000488281,2
2021,8,21,23,33,32.0997998046875,2
2021,8,21,23,33,33.9498000488281,2
2021,8,21,23,33,35.7997998046875,2
2021,8,21,23,33,37.6497998046875,2
2021,8,21,23,33,39.4998000488281,2
2021,8,21,23,33,41.3497998046875,2
2021,8,21,23,33,43.1998000488281,2
2021,8,21,23,33,45.0497998046875,2
2021,8,21,23,33,46.8997998046875,2
2021,8,21,23,33,46.8997998046875,2
2021,8,21,23,33,48.7498000488281,2
2021,8,21,23,33,50.5997998046875,2
2021,8,21,23,33,52.4498000488281,2
2021,8,21,23,33,54.2997998046875,2
2021,8,21,23,33,56.1497998046875,2
2021,8,21,23,33,57.9998000488281,2
2021,8,21,23,33,59.8497998046875,2
2021,8,21,23,34,1.69980004882812,2
2021,8,21,23,34,3.5497998046875,2
2021,8,21,23,34,5.3997998046875,2
2021,8,21,23,34,7.24980004882813,2
2021,8,21,23,34,9.0997998046875,2
2021,8,21,23,34,10.9498000488281,2
2021,8,21,23,34,12.7997998046875,2
2021,8,21,23,34,14.6497998046875,2
2021,8,21,23,34,16.4998000488281,2
2021,8,21,23,34,18.3497998046875,2
2021,8,21,23,34,20.1998000488281,2
2021,8,21,23,34,22.0497998046875,2
2021,8,21,23,34,23.8997998046875,2
2021,8,21,23,34,25.7498000488281,2
2021,8,21,23,34,27.5997998046875,2
2021,8,21,23,34,29.4498000488281,2
2021,8,21,23,34,31.2997998046875,2
2021,8,21,23,34,33.1497998046875,2
2021,8,21,23,34,34.9998000488281,2
2021,8,21,23,34,36.8497998046875,2
2021,8,21,23,34,38.6998000488281,2
2021,8,21,23,34,40.5497998046875,2
2021,8,21,23,34,42.3997998046875,2
2021,8,21,23,34,44.2498000488281,2
2021,8,21,23,34,46.0997998046875,2
2021,8,21,23,34,47.9498000488281,2
2021,8,21,23,34,49.7997998046875,2
2021,8,21,23,34,51.6497998046875,2
2021,8,21,23,34,52.8497998046875,1
2021,8,21,23,34,54.6497998046875,1
2021,8,21,23,34,56.4998000488281,0
2021,8,21,23,34,58.2997998046875,0
2021,8,21,23,35,0.0997998046875,0
2021,8,21,23,35,1.94980004882812,0
2021,8,21,23,35,3.74980004882813,0
2021,8,21,23,35,5.5497998046875,0
2021,8,21,23,35,7.3497998046875,0
2021,8,21,23,35,9.19980004882813,0
2021,8,21,23,35,10.9998000488281,0
2021,8,21,23,35,12.8497998046875,0
2021,8,21,23,35,14.6998000488281,0
2021,8,21,23,35,16.5497998046875,0
2021,8,21,23,35,18.3497998046875,0
2021,8,21,23,35,20.1998000488281,0
2021,8,21,23,35,22.0497998046875,0
2021,8,21,23,35,23.8997998046875,0
2021,8,21,23,35,25.7498000488281,0
2021,8,21,23,35,27.5997998046875,0
2021,8,21,23,35,29.4498000488281,0
2021,8,21,23,35,31.2997998046875,0
2021,8,21,23,35,33.1497998046875,0
2021,8,21,23,35,34.9998000488281,0
2021,8,21,23,35,36.8497998046875,0
2021,8,21,23,35,38.6998000488281,0
2021,8,21,23,35,40.5497998046875,0
2021,8,21,23,35,42.3997998046875,0
2021,8,21,23,35,44.2498000488281,0
2021,8,21,23,35,46.0997998046875,0
2021,8,21,23,35,47.9498000488281,0
2021,8,21,23,35,49.7997998046875,0
2021,8,21,23,35,51.6497998046875,0
2021,8,21,23,35,53.4998000488281,0
2021,8,21,23,35,55.3497998046875,0
2021,8,21,23,35,57.1998000488281,0
2021,8,21,23,35,59.0497998046875,0
2021,8,21,23,36,0.8997998046875,0
2021,8,21,23,36,2.74980004882813,0
2021,8,21,23,36,4.5997998046875,0
2021,8,21,23,36,6.44980004882813,0
2021,8,21,23,36,8.2997998046875,0
2021,8,21,23,36,10.1497998046875,0
2021,8,21,23,36,11.9998000488281,0
2021,8,21,23,36,13.8497998046875,0
2021,8,21,23,36,15.6998000488281,0
2021,8,21,23,36,17.5497998046875,0
2021,8,21,23,36,19.3997998046875,0
2021,8,21,23,36,21.2498000488281,0
2021,8,21,23,36,23.0997998046875,0
2021,8,21,23,36,24.9498000488281,0
2021,8,21,23,36,26.7997998046875,0
2021,8,21,23,36,28.6497998046875,0
2021,8,21,23,36,30.4998000488281,0
2021,8,21,23,36,32.3497998046875,0
2021,8,21,23,36,34.1998000488281,0
2021,8,21,23,36,36.0497998046875,0
2021,8,21,23,36,37.8997998046875,0
2021,8,21,23,36,39.7498000488281,0
2021,8,21,23,36,41.5997998046875,0
2021,8,21,23,36,43.4498000488281,0
2021,8,21,23,36,45.2997998046875,0
2021,8,21,23,36,47.1497998046875,0
2021,8,21,23,36,48.9998000488281,0
2021,8,21,23,36,50.8497998046875,0
2021,8,21,23,36,52.6998000488281,0
2021,8,21,23,36,54.5497998046875,0
2021,8,21,23,36,56.3997998046875,0
2021,8,21,23,36,58.2498000488281,0
2021,8,21,23,37,0.0997998046875,0
2021,8,21,23,37,1.94980004882812,0
2021,8,21,23,37,3.7997998046875,0
2021,8,21,23,37,5.6497998046875,0
2021,8,21,23,37,7.49980004882813,0
2021,8,21,23,37,9.3497998046875,1
2021,8,21,23,37,11.1998000488281,1
2021,8,21,23,37,13.0497998046875,1
2021,8,21,23,37,14.8997998046875,1
2021,8,21,23,37,16.7498000488281,1
2021,8,21,23,37,18.5997998046875,1
2021,8,21,23,37,55.5997998046875,1
2021,8,21,23,37,57.4498000488281,1
2021,8,21,23,37,59.2997998046875,1
2021,8,21,23,38,1.1497998046875,1
2021,8,21,23,38,2.99980004882813,1
2021,8,21,23,38,4.8497998046875,1
2021,8,21,23,38,6.69980004882813,1
2021,8,21,23,38,8.5497998046875,1
2021,8,21,23,38,10.3997998046875,1
2021,8,21,23,38,12.2498000488281,1
2021,8,21,23,38,14.0997998046875,1
2021,8,21,23,38,15.9498000488281,1
2021,8,21,23,38,17.7997998046875,1
2021,8,21,23,38,19.6497998046875,1
2021,8,21,23,38,21.4998000488281,1
2021,8,21,23,38,23.3497998046875,1
2021,8,21,23,38,25.1998000488281,1
2021,8,21,23,38,27.0497998046875,0
2021,8,21,23,38,28.8997998046875,0
2021,8,21,23,38,30.7498000488281,0
2021,8,21,23,38,32.5997998046875,0
2021,8,21,23,38,34.4498000488281,0
2021,8,21,23,38,36.2997998046875,0
2021,8,21,23,38,38.1497998046875,0
2021,8,21,23,38,39.9998000488281,0
2021,8,21,23,38,41.8497998046875,1
2021,8,21,23,38,43.6998000488281,1
2021,8,21,23,38,45.5497998046875,1
2021,8,21,23,38,47.3997998046875,1
2021,8,21,23,38,49.2498000488281,2
2021,8,21,23,38,51.0997998046875,2
2021,8,21,23,38,52.9498000488281,2
2021,8,21,23,38,54.7997998046875,2
2021,8,21,23,38,56.6497998046875,2
2021,8,21,23,38,58.4998000488281,2
2021,8,21,23,39,0.3497998046875,2
2021,8,21,23,39,2.19980004882812,1
2021,8,21,23,39,4.0497998046875,1
2021,8,21,23,39,5.8997998046875,1
2021,8,21,23,39,7.74980004882813,0
2021,8,21,23,39,9.5997998046875,0
2021,8,21,23,39,11.4498000488281,0
2021,8,21,23,39,13.2997998046875,0
2021,8,21,23,39,15.1497998046875,0
2021,8,21,23,39,16.9998000488281,0
2021,8,21,23,39,18.8497998046875,0
2021,8,21,23,39,20.6998000488281,0
2021,8,21,23,39,22.5497998046875,0
2021,8,21,23,39,24.3997998046875,0
2021,8,21,23,39,26.2498000488281,0
2021,8,21,23,39,28.0997998046875,0
2021,8,21,23,39,29.9498000488281,0
2021,8,21,23,39,31.7997998046875,0
2021,8,21,23,39,33.6497998046875,0
2021,8,21,23,39,35.4998000488281,0
2021,8,21,23,39,37.3497998046875,0
2021,8,21,23,39,39.1998000488281,0
2021,8,21,23,39,41.0497998046875,0
2021,8,21,23,39,42.8997998046875,0
2021,8,21,23,39,44.7498000488281,0
2021,8,21,23,39,46.5997998046875,0
2021,8,21,23,39,48.4498000488281,0
2021,8,21,23,39,50.2997998046875,0
2021,8,21,23,39,52.1497998046875,0
2021,8,21,23,39,53.9998000488281,0
2021,8,21,23,39,55.8497998046875,0
2021,8,21,23,39,57.6998000488281,0
2021,8,21,23,39,59.5497998046875,0
2021,8,21,23,40,1.3997998046875,0
2021,8,21,23,40,3.24980004882813,0
2021,8,21,23,40,5.0997998046875,0
2021,8,21,23,40,6.94980004882813,0
2021,8,21,23,40,8.7997998046875,0
2021,8,21,23,40,10.6497998046875,0
2021,8,21,23,40,12.4998000488281,0
2021,8,21,23,40,14.3497998046875,0
2021,8,21,23,40,16.1998000488281,0
2021,8,21,23,40,18.0497998046875,0
2021,8,21,23,40,19.8997998046875,0
2021,8,21,23,40,21.7498000488281,0
2021,8,21,23,40,23.5997998046875,0
2021,8,21,23,40,25.4498000488281,0
2021,8,21,23,40,27.2997998046875,0
2021,8,21,23,40,29.1497998046875,0
2021,8,21,23,40,30.9998000488281,0
2021,8,21,23,40,32.8497998046875,0
2021,8,21,23,40,34.6998000488281,0
2021,8,21,23,40,36.5497998046875,0
2021,8,21,23,40,38.3997998046875,0
2021,8,21,23,40,40.2498000488281,0
2021,8,21,23,40,42.0997998046875,0
2021,8,21,23,40,43.9498000488281,0
2021,8,21,23,40,45.7997998046875,1
2021,8,21,23,40,47.6497998046875,1
2021,8,21,23,40,49.4998000488281,1
2021,8,21,23,40,51.3497998046875,1
2021,8,21,23,40,53.1998000488281,1
2021,8,21,23,40,55.0497998046875,1
2021,8,21,23,40,56.8997998046875,1
2021,8,21,23,40,58.7498000488281,1
2021,8,21,23,41,0.5997998046875,1
2021,8,21,23,41,2.44980004882812,1
2021,8,21,23,41,4.2997998046875,1
2021,8,21,23,41,6.1497998046875,1
2021,8,21,23,41,7.99980004882813,1
2021,8,21,23,41,9.8497998046875,1
2021,8,21,23,41,11.6998000488281,1
2021,8,21,23,41,13.5497998046875,1
2021,8,21,23,41,15.3997998046875,1
2021,8,21,23,41,17.2498000488281,1
2021,8,21,23,41,19.0997998046875,1
2021,8,21,23,41,20.9498000488281,1
2021,8,21,23,41,22.7997998046875,1
2021,8,21,23,41,24.6497998046875,1
2021,8,21,23,41,26.4998000488281,1
2021,8,21,23,41,28.3497998046875,1
2021,8,21,23,41,30.1998000488281,1
2021,8,21,23,41,32.0497998046875,1
2021,8,21,23,41,33.8997998046875,1
2021,8,21,23,41,35.7498000488281,1
2021,8,21,23,41,37.5997998046875,1
2021,8,21,23,41,39.4498000488281,1
2021,8,21,23,41,41.2997998046875,1
2021,8,21,23,41,43.1497998046875,1
2021,8,21,23,41,44.9998000488281,1
2021,8,21,23,41,46.8497998046875,1
2021,8,21,23,41,48.6998000488281,1
2021,8,21,23,41,50.5497998046875,1
2021,8,21,23,41,52.3997998046875,1
2021,8,21,23,41,54.2498000488281,0
2021,8,21,23,41,56.0997998046875,0
2021,8,21,23,41,57.9498000488281,0
2021,8,21,23,41,59.7997998046875,0
